4 1
4 6
4 33
4 34
4 38
4 39
4 47
4 50
4 52
4 53
4 73
4 75
4 76
4 77
4 91
4 92
4 94
4 95
4 104
4 116
4 123
4 125
4 126
4 127
10 10
10 13
10 20
10 21
10 22
10 23
10 24
10 25
10 26
10 27
10 28
10 29
10 30
10 31
10 34
10 35
10 39
10 41
10 54
10 60
10 64
10 66
10 69
10 74
10 83
10 88
10 90
10 93
10 98
10 99
10 127
10 132
10 133
10 138
11 8
11 15
11 23
11 42
11 47
11 57
11 85
11 105
11 128
11 129
15 0
15 1
15 2
15 3
15 4
15 6
15 7
15 8
15 9
15 10
15 13
15 14
15 15
15 20
15 21
15 22
15 23
15 24
15 25
15 26
15 27
15 28
15 30
15 31
15 35
15 36
15 37
15 38
15 39
15 40
15 41
15 42
15 44
15 46
15 47
15 50
15 53
15 54
15 57
15 59
15 60
15 62
15 63
15 64
15 65
15 66
15 68
15 69
15 73
15 78
15 80
15 81
15 83
15 85
15 90
15 91
15 94
15 98
15 99
15 100
15 103
15 104
15 105
15 106
15 107
15 111
15 113
15 114
15 115
15 117
15 118
15 119
15 120
15 121
15 122
15 123
15 124
15 125
15 127
15 128
15 129
15 130
15 132
15 133
15 136
15 138
15 139
15 140
16 33
16 44
16 63
16 64
16 65
16 66
16 85
16 130
16 132
16 136
18 28
18 53
42 0
42 6
42 8
42 9
42 14
42 37
42 38
42 40
42 42
42 44
42 45
42 47
42 62
42 63
42 64
42 67
42 68
42 82
42 103
42 106
42 107
42 127
42 128
42 129
42 132
42 133
47 6
47 7
47 9
47 10
47 18
47 32
47 33
47 34
47 39
47 41
47 44
47 47
47 50
47 52
47 53
47 56
47 59
47 61
47 62
47 63
47 64
47 65
47 66
47 67
47 68
47 73
47 76
47 77
47 82
47 84
47 88
47 89
47 91
47 92
47 93
47 94
47 95
47 97
47 101
47 104
47 106
47 109
47 113
47 121
47 122
47 128
47 129
47 130
47 132
47 133
47 135
48 2
48 14
48 15
48 18
48 35
48 36
48 41
48 46
48 57
48 64
48 78
48 80
48 83
48 114
48 115
48 117
48 118
48 119
48 120
48 127
50 32
50 44
50 50
50 59
50 66
50 113
50 127
50 128
50 133
54 1
54 2
54 4
54 6
54 7
54 8
54 10
54 13
54 14
54 15
54 35
54 36
54 38
54 39
54 41
54 42
54 44
54 46
54 54
54 57
54 59
54 62
54 63
54 64
54 65
54 66
54 68
54 74
54 78
54 80
54 85
54 93
54 94
54 95
54 100
54 103
54 104
54 105
54 106
54 107
54 109
54 111
54 113
54 114
54 115
54 117
54 119
54 124
54 125
54 127
54 128
54 129
54 130
54 132
54 133
54 136
54 138
57 2
57 7
57 14
57 15
57 18
57 32
57 33
57 34
57 41
57 44
57 46
57 50
57 53
57 57
57 59
57 62
57 63
57 64
57 65
57 66
57 67
57 68
57 73
57 74
57 78
57 83
57 85
57 93
57 94
57 101
57 103
57 113
57 114
57 121
57 124
57 127
57 128
57 129
57 130
57 132
57 133
57 136
57 138
69 62
69 64
70 2
70 4
70 6
70 13
70 14
70 15
70 18
70 23
70 36
70 39
70 40
70 41
70 44
70 45
70 46
70 57
70 62
70 63
70 64
70 65
70 66
70 68
70 76
70 78
70 80
70 81
70 85
70 91
70 92
70 93
70 94
70 95
70 97
70 100
70 101
70 103
70 104
70 105
70 113
70 114
70 115
70 117
70 118
70 119
70 120
70 121
70 124
70 127
70 128
70 129
70 130
70 132
70 133
70 136
70 138
71 0
71 1
71 8
71 15
71 37
71 38
71 40
71 42
71 47
71 103
71 104
71 109
71 128
78 0
78 6
78 7
78 8
78 14
78 15
78 20
78 21
78 23
78 25
78 26
78 31
78 38
78 40
78 42
78 47
78 57
78 80
78 98
78 100
78 103
78 104
78 105
78 106
78 107
78 113
78 124
78 130
78 138
85 32
85 63
85 91
85 92
85 94
85 127
85 136
95 6
95 80
95 98
95 100
101 18
101 32
101 41
101 44
101 50
101 59
101 62
101 63
101 64
101 65
101 66
101 67
101 85
101 91
101 92
101 97
101 101
101 113
101 121
101 130
101 132
101 133
107 2
107 4
107 6
107 8
107 14
107 15
107 18
107 23
107 24
107 31
107 38
107 40
107 42
107 44
107 46
107 47
107 54
107 57
107 62
107 63
107 64
107 65
107 67
107 68
107 80
107 83
107 91
107 100
107 103
107 104
107 105
107 106
107 113
107 114
107 115
107 123
107 124
107 125
107 127
107 128
107 129
107 133
107 138
111 42
111 57
111 59
111 65
111 105
111 106
111 121
111 128
111 129
111 130
111 138
130 8
130 33
130 65
130 67
130 68
130 77
130 82
130 91
130 92
130 94
130 130
130 132
130 133
133 0
133 1
133 6
133 8
133 9
133 10
133 37
133 38
133 40
133 42
133 47
133 83
133 103
133 104
133 105
133 106
133 107
136 0
136 1
136 6
136 7
136 8
136 10
136 15
136 20
136 21
136 23
136 24
136 25
136 26
136 31
136 33
136 38
136 39
136 40
136 41
136 42
136 44
136 47
136 50
136 57
136 59
136 61
136 62
136 63
136 64
136 65
136 66
136 67
136 68
136 73
136 80
136 82
136 83
136 85
136 87
136 89
136 91
136 92
136 93
136 94
136 97
136 98
136 101
136 103
136 104
136 105
136 106
136 107
136 109
136 113
136 121
136 123
136 128
136 129
136 130
136 132
136 133
136 136
140 0
140 1
140 2
140 6
140 7
140 8
140 9
140 10
140 13
140 14
140 15
140 18
140 20
140 21
140 23
140 24
140 25
140 26
140 27
140 29
140 30
140 31
140 32
140 33
140 35
140 37
140 38
140 39
140 40
140 41
140 42
140 44
140 45
140 46
140 47
140 50
140 54
140 57
140 59
140 60
140 62
140 63
140 64
140 65
140 66
140 67
140 68
140 73
140 74
140 75
140 77
140 78
140 80
140 82
140 83
140 84
140 85
140 87
140 88
140 89
140 90
140 91
140 92
140 93
140 94
140 95
140 97
140 98
140 99
140 100
140 101
140 103
140 104
140 105
140 106
140 107
140 109
140 110
140 111
140 113
140 114
140 121
140 123
140 124
140 125
140 127
140 128
140 129
140 130
140 132
140 133
140 135
140 136
140 138
140 139
