0 2
0 3
0 6
0 8
0 9
0 13
0 17
0 18
0 19
0 23
0 24
0 25
0 26
0 27
0 31
0 32
0 33
1 0
1 4
1 10
1 11
1 18
1 20
1 23
1 24
1 27
2 11
2 27
3 0
3 4
3 18
3 20
3 27
4 20
4 25
4 27
5 1
5 2
5 3
5 6
5 7
5 8
5 9
5 11
5 12
5 13
5 14
5 15
5 17
5 18
5 19
5 21
5 22
5 23
5 24
5 25
5 27
5 28
5 29
5 31
5 32
5 33
5 34
6 0
6 4
6 18
6 23
6 24
6 25
7 11
8 20
8 27
9 5
9 16
9 27
10 5
11 0
11 1
11 2
11 6
11 8
11 11
11 12
11 13
11 14
11 15
11 17
11 18
11 19
11 20
11 21
11 22
11 24
11 25
11 26
11 29
11 30
11 31
11 32
11 33
12 0
12 4
12 10
12 11
12 20
12 23
12 24
12 27
13 10
13 20
13 27
14 0
14 10
14 20
14 23
14 24
14 27
15 1
15 2
15 7
15 9
15 13
15 17
15 18
15 25
15 26
15 27
15 30
15 31
16 4
16 11
16 18
16 23
16 24
16 25
16 27
17 2
17 6
17 8
17 9
17 13
17 17
17 18
17 28
17 32
17 33
17 34
18 0
18 4
18 23
18 24
18 27
19 0
19 4
19 10
19 11
19 27
20 0
20 10
20 11
20 24
20 27
21 0
21 10
21 23
21 24
21 27
22 0
22 4
22 10
22 11
22 20
22 23
22 24
22 27
23 16
24 5
24 16
25 4
25 11
25 20
25 23
25 24
25 27
26 0
26 11
26 23
26 24
26 27
27 0
27 5
27 11
27 16
27 20
28 0
28 4
28 10
28 11
28 20
28 23
28 24
28 25
28 27
29 0
29 4
29 20
29 23
30 2
30 3
30 8
30 9
30 11
30 17
30 18
30 19
30 24
30 27
30 31
30 32
30 33
31 4
31 10
31 11
31 18
31 24
31 27
32 4
32 10
32 11
32 20
32 23
32 24
32 25
32 27
33 4
33 11
33 27
34 3
34 6
34 8
34 17
34 18
34 19
34 25
34 31
34 32
34 33
