0 2
4 2
6 2
8 2
9 2
14 2
15 2
18 2
19 2
20 2
21 2
22 2
23 2
24 2
25 2
26 2
27 2
28 2
29 2
30 2
31 2
32 2
33 2
34 2
35 2
39 2
40 2
41 2
44 2
49 2
51 2
53 2
55 2
56 2
57 2
58 2
59 2
60 2
61 2
62 2
63 2
64 2
65 2
66 2
70 2
72 2
73 2
74 2
75 2
79 2
80 2
81 2
82 2
83 2
84 2
85 2
87 2
88 2
89 2
90 2
91 2
92 2
93 2
94 2
95 2
96 2
97 2
98 2
99 2
100 2
101 2
102 2
103 2
104 2
105 2
107 2
108 2
110 2
111 2
112 2
118 2
119 2
122 2
127 2
129 2
131 2
134 2
135 2
137 2
138 2
139 2
140 2
143 2
144 2
145 2
151 2
152 2
154 2
155 2
156 2
157 2
158 2
159 2
160 2
163 2
165 2
166 2
167 2
168 2
169 2
170 2
171 2
172 2
175 2
176 2
177 2
178 2
11 4
42 4
62 4
74 4
82 4
93 4
114 4
164 4
75 12
81 12
91 12
122 12
1 15
2 15
10 15
37 15
51 15
62 15
74 15
76 15
78 15
79 15
105 15
107 15
109 15
120 15
122 15
128 15
129 15
132 15
138 15
142 15
146 15
147 15
148 15
149 15
150 15
160 15
180 15
0 16
1 16
4 16
10 16
11 16
12 16
18 16
49 16
51 16
55 16
58 16
62 16
64 16
71 16
73 16
74 16
75 16
79 16
81 16
82 16
83 16
84 16
85 16
86 16
87 16
88 16
89 16
90 16
91 16
93 16
94 16
96 16
98 16
99 16
105 16
106 16
110 16
111 16
114 16
118 16
119 16
122 16
123 16
129 16
133 16
138 16
143 16
151 16
152 16
156 16
172 16
173 16
175 16
176 16
177 16
0 35
9 35
19 35
26 35
28 35
49 35
57 35
58 35
62 35
63 35
66 35
73 35
74 35
75 35
79 35
81 35
82 35
87 35
88 35
89 35
90 35
93 35
96 35
97 35
98 35
101 35
103 35
110 35
111 35
138 35
143 35
156 35
160 35
165 35
0 45
1 45
4 45
7 45
8 45
9 45
10 45
11 45
12 45
14 45
18 45
19 45
21 45
22 45
23 45
24 45
25 45
26 45
27 45
29 45
33 45
34 45
38 45
39 45
41 45
43 45
45 45
47 45
49 45
53 45
54 45
55 45
56 45
57 45
58 45
59 45
60 45
61 45
62 45
63 45
64 45
66 45
67 45
70 45
71 45
72 45
73 45
74 45
75 45
79 45
80 45
81 45
82 45
83 45
84 45
85 45
87 45
88 45
89 45
90 45
91 45
92 45
93 45
94 45
95 45
96 45
97 45
98 45
99 45
100 45
101 45
102 45
103 45
104 45
105 45
106 45
107 45
110 45
111 45
112 45
113 45
114 45
115 45
117 45
118 45
119 45
122 45
124 45
125 45
126 45
127 45
129 45
131 45
133 45
134 45
135 45
136 45
137 45
138 45
140 45
143 45
144 45
151 45
152 45
153 45
155 45
161 45
164 45
165 45
170 45
172 45
173 45
174 45
175 45
176 45
177 45
85 47
0 51
1 51
9 51
12 51
18 51
39 51
42 51
49 51
50 51
51 51
66 51
73 51
74 51
75 51
79 51
81 51
82 51
83 51
84 51
85 51
86 51
87 51
90 51
96 51
98 51
122 51
129 51
133 51
164 51
165 51
173 51
175 51
177 51
73 67
74 67
75 67
83 67
96 67
132 67
1 68
10 68
11 68
12 68
18 68
42 68
43 68
49 68
53 68
58 68
62 68
66 68
71 68
73 68
74 68
75 68
81 68
84 68
85 68
86 68
87 68
88 68
93 68
96 68
97 68
98 68
110 68
115 68
123 68
126 68
129 68
138 68
143 68
175 68
1 76
27 76
74 76
75 76
81 76
82 76
84 76
85 76
88 76
95 76
96 76
103 76
122 76
129 76
59 115
73 115
75 115
81 115
88 115
90 115
96 115
98 115
107 115
111 115
118 115
119 115
129 115
136 115
164 115
175 115
177 115
10 129
88 129
93 129
96 129
109 129
132 129
150 129
49 140
73 140
74 140
0 161
9 161
19 161
21 161
27 161
49 161
58 161
62 161
64 161
74 161
80 161
82 161
84 161
85 161
87 161
88 161
91 161
93 161
94 161
96 161
101 161
103 161
107 161
110 161
111 161
114 161
127 161
165 161
175 161
178 161
0 178
4 178
9 178
49 178
54 178
58 178
61 178
62 178
64 178
71 178
73 178
74 178
75 178
81 178
82 178
84 178
85 178
86 178
87 178
88 178
90 178
93 178
94 178
95 178
96 178
98 178
103 178
105 178
106 178
110 178
111 178
114 178
118 178
119 178
120 178
121 178
122 178
124 178
129 178
132 178
135 178
138 178
143 178
152 178
153 178
170 178
173 178
175 178
176 178
177 178
9 180
11 180
15 180
73 180
75 180
88 180
91 180
93 180
96 180
118 180
122 180
174 180
175 180
