4 0
7 0
8 0
9 0
12 0
14 0
21 0
24 0
25 0
4 1
7 1
8 1
9 1
10 1
12 1
21 1
24 1
25 1
8 2
12 2
14 2
21 2
25 2
4 3
7 3
8 3
4 4
7 4
9 4
12 4
14 4
21 4
24 4
25 4
4 5
7 5
9 5
12 5
14 5
21 5
24 5
25 5
4 6
7 6
4 7
7 7
21 7
24 7
0 8
1 8
2 8
3 8
4 8
5 8
6 8
7 8
8 8
9 8
10 8
11 8
12 8
13 8
14 8
15 8
16 8
17 8
18 8
19 8
20 8
21 8
22 8
23 8
24 8
25 8
26 8
27 8
28 8
29 8
4 9
7 9
12 9
24 9
25 9
7 10
12 10
24 10
4 11
7 11
21 11
24 11
4 12
7 12
8 12
10 12
12 12
14 12
21 12
24 12
25 12
1 13
4 13
7 13
11 13
13 13
17 13
20 13
22 13
4 14
21 14
24 14
4 15
7 15
8 15
10 15
12 15
21 15
24 15
25 15
4 16
7 16
8 16
10 16
12 16
14 16
17 16
21 16
24 16
25 16
4 17
7 17
9 17
12 17
14 17
21 17
24 17
4 18
7 18
8 18
12 18
21 18
24 18
4 19
7 19
4 20
7 20
9 20
12 20
14 20
24 20
8 21
24 21
4 22
7 22
14 22
21 22
24 22
4 23
7 23
12 23
24 23
25 23
4 24
7 24
8 24
9 24
12 24
14 24
21 24
24 24
25 24
1 25
5 25
11 25
13 25
14 25
16 25
17 25
19 25
20 25
21 25
22 25
23 25
25 25
28 25
4 26
7 26
12 27
14 27
21 27
24 27
4 28
7 28
12 28
14 28
21 28
24 28
25 28
4 29
7 29
8 29
12 29
14 29
17 29
21 29
24 29
25 29
0 30
5 30
14 30
23 30
27 30
28 30
30 30
10 31
12 31
24 31
4 32
7 32
9 32
12 32
14 32
21 32
24 32
25 32
8 33
9 33
10 33
12 33
14 33
21 33
24 33
4 34
7 34
24 34
30 34
17 35
20 35
21 35
