0 0
12 0
13 0
12 1
13 1
4 2
12 2
13 2
18 2
28 2
1 3
6 3
8 3
9 3
10 3
11 3
16 3
21 3
26 3
27 3
9 4
0 5
2 5
28 5
4 6
9 6
10 6
2 7
7 7
13 7
18 7
16 8
2 9
18 9
12 10
7 11
13 12
12 13
3 14
4 14
12 14
13 14
29 14
4 15
12 15
13 15
20 15
24 15
28 15
7 16
13 16
23 16
12 17
13 17
0 18
12 19
4 20
4 21
1 22
27 22
0 23
7 23
0 24
18 24
3 25
10 26
12 27
13 27
28 27
1 28
11 28
1 29
29 29
1 30
24 31
4 32
7 32
12 32
13 32
4 33
12 34
13 35
24 36
19 37
27 38
30 38
0 39
3 39
4 39
6 39
7 39
9 39
10 39
12 39
13 39
14 39
15 39
16 39
18 39
19 39
20 39
22 39
25 39
27 39
28 39
29 39
30 39
31 39
19 40
23 40
0 41
1 41
2 41
3 41
4 41
5 41
6 41
7 41
8 41
9 41
10 41
11 41
12 41
13 41
14 41
15 41
16 41
17 41
18 41
19 41
20 41
21 41
22 41
23 41
24 41
25 41
27 41
28 41
29 41
30 41
31 41
32 41
12 42
6 43
27 43
