0 36
1 36
2 36
3 7
4 18
4 19
5 7
6 2
6 7
6 8
6 12
6 21
7 1
7 2
7 32
8 1
8 2
8 3
8 8
8 12
8 14
8 21
8 22
8 23
8 26
8 31
8 32
8 34
8 37
8 39
8 40
8 42
9 1
9 3
9 6
9 17
9 18
9 19
9 33
9 38
9 41
10 16
10 26
10 31
10 35
11 1
11 12
11 26
11 31
12 1
12 3
12 6
12 17
12 18
12 19
12 24
12 33
12 36
13 2
13 26
13 31
14 18
15 42
16 0
16 2
16 7
16 8
16 11
16 14
16 26
16 27
16 31
16 37
16 45
17 1
17 2
17 13
17 16
17 22
17 23
18 8
18 27
18 34
19 1
19 21
19 22
19 26
19 29
19 31
20 1
20 2
20 7
20 21
20 37
21 36
22 36
23 36
24 36
25 2
26 6
26 18
26 33
27 6
27 33
28 36
29 18
29 36
30 3
30 7
30 8
30 12
30 13
30 16
30 20
30 21
30 22
30 23
30 25
30 26
30 29
30 31
30 37
30 40
30 42
31 36
32 26
32 31
33 15
34 9
35 36
36 33
37 12
38 0
38 1
38 2
38 3
38 4
38 5
38 7
38 8
38 10
38 11
38 12
38 13
38 14
38 16
38 20
38 21
38 22
38 23
38 25
38 26
38 27
38 29
38 30
38 31
38 32
38 34
38 35
38 37
38 39
38 40
38 42
38 44
38 45
39 2
40 36
41 8
42 5
42 16
42 26
42 31
43 1
43 16
44 2
45 8
45 21
45 34
46 4
46 10
46 20
46 21
46 23
46 30
47 17
47 36
48 1
48 6
48 33
48 36
49 0
49 1
49 2
49 3
49 4
49 7
49 8
49 9
49 12
49 16
49 21
49 22
49 23
49 26
49 28
49 29
49 31
49 32
49 34
49 35
49 37
49 40
49 45
50 8
51 0
51 1
51 3
51 5
51 7
51 8
51 9
51 11
51 12
51 13
51 14
51 15
51 16
51 20
51 22
51 23
51 24
51 25
51 26
51 27
51 28
51 29
51 31
51 34
51 35
51 37
51 39
51 40
51 41
51 43
51 45
52 2
52 18
52 33
52 36
