0 3
0 8
0 9
0 12
0 14
0 16
0 19
0 20
0 21
0 22
0 23
0 27
0 29
0 30
0 31
0 32
0 33
0 34
0 38
0 40
0 44
0 45
0 49
0 50
0 52
0 53
0 55
0 56
1 12
1 14
1 16
1 21
1 34
1 44
1 45
1 52
1 53
1 56
2 8
2 14
2 23
2 34
2 42
2 44
2 45
3 1
3 18
3 46
4 1
4 11
4 17
4 18
4 28
4 41
4 46
4 48
5 17
5 18
5 46
6 46
7 4
7 36
7 46
8 22
8 44
8 45
8 55
9 0
9 46
10 4
10 6
10 56
11 4
11 11
11 36
11 46
12 8
12 9
12 14
12 27
12 29
12 34
12 44
12 45
12 55
13 8
14 3
14 6
14 7
14 8
14 9
14 12
14 14
14 15
14 16
14 19
14 20
14 21
14 22
14 23
14 27
14 29
14 30
14 31
14 32
14 33
14 34
14 35
14 38
14 39
14 42
14 44
14 45
14 47
14 50
14 52
14 53
14 55
14 56
15 1
15 17
15 36
15 46
16 4
17 4
17 18
17 28
17 46
17 48
18 0
18 17
18 18
18 22
18 41
18 46
18 51
19 3
19 6
19 7
19 8
19 9
19 14
19 15
19 19
19 20
19 21
19 22
19 30
19 31
19 32
19 33
19 34
19 35
19 39
19 42
19 44
19 45
19 47
19 50
19 55
19 56
20 3
20 22
20 30
20 32
20 33
20 50
20 56
21 3
21 10
21 50
22 6
22 8
22 14
22 19
22 20
22 22
22 30
22 34
22 42
22 44
22 45
22 55
22 56
23 3
23 6
23 8
23 12
23 13
23 14
23 15
23 16
23 19
23 20
23 21
23 22
23 23
23 27
23 29
23 30
23 31
23 32
23 33
23 34
23 35
23 40
23 42
23 44
23 45
23 49
23 50
23 52
23 53
23 55
23 56
24 0
24 1
24 2
24 3
24 4
24 11
24 17
24 18
24 22
24 35
24 42
24 43
24 46
24 50
24 55
24 56
25 3
25 5
25 6
25 7
25 8
25 9
25 10
25 12
25 13
25 14
25 15
25 16
25 19
25 20
25 21
25 22
25 23
25 27
25 29
25 30
25 31
25 32
25 33
25 34
25 35
25 38
25 39
25 40
25 42
25 44
25 45
25 47
25 49
25 50
25 52
25 53
25 55
25 56
26 3
26 7
26 10
26 12
26 14
26 16
26 19
26 20
26 21
26 22
26 23
26 27
26 29
26 30
26 31
26 32
26 33
26 34
26 38
26 40
26 44
26 45
26 49
26 50
26 52
26 53
26 56
27 3
27 6
27 8
27 9
27 12
27 14
27 15
27 16
27 19
27 20
27 22
27 23
27 30
27 32
27 33
27 34
27 35
27 39
27 42
27 47
27 50
27 55
27 56
28 3
28 6
28 15
28 19
28 20
28 22
28 32
28 42
28 44
28 45
28 50
28 56
29 0
29 2
29 3
29 8
29 11
29 18
29 22
29 28
29 48
29 50
30 3
30 8
30 9
30 14
30 19
30 20
30 22
30 23
30 27
30 29
30 32
30 33
30 34
30 35
30 39
30 47
30 50
30 55
30 56
31 3
31 8
31 12
31 13
31 14
31 15
31 16
31 19
31 20
31 21
31 22
31 23
31 30
31 31
31 32
31 34
31 35
31 39
31 42
31 44
31 45
31 47
31 50
31 52
31 53
31 56
32 3
32 8
32 10
32 14
32 15
32 27
32 29
32 30
32 33
32 34
32 38
32 40
32 42
32 44
32 45
32 49
32 50
32 52
32 53
32 55
32 56
33 22
33 23
33 33
33 39
33 40
33 47
33 49
33 55
33 56
34 3
34 6
34 8
34 10
34 12
34 13
34 14
34 15
34 16
34 19
34 20
34 21
34 22
34 23
34 27
34 29
34 30
34 31
34 32
34 33
34 34
34 38
34 40
34 42
34 44
34 45
34 49
34 50
34 55
34 56
35 3
35 6
35 12
35 14
35 16
35 22
35 23
35 32
35 34
35 35
35 39
35 42
35 44
35 45
35 47
35 50
35 56
36 6
36 14
36 34
36 40
36 49
36 56
37 8
37 15
37 23
37 30
37 55
37 56
38 3
38 8
38 9
38 21
38 31
38 32
38 33
38 39
38 42
38 47
38 50
39 3
39 6
39 8
39 9
39 12
39 14
39 16
39 19
39 20
39 22
39 23
39 27
39 29
39 30
39 31
39 33
39 34
39 44
39 45
39 50
39 52
39 53
39 55
39 56
40 0
41 1
41 30
41 36
42 4
43 4
43 17
43 46
44 36
45 2
45 4
45 11
46 1
46 5
46 17
46 18
46 46
47 17
47 18
47 46
48 1
48 4
48 18
49 11
49 46
50 28
50 48
51 3
51 8
51 14
51 15
51 19
51 20
51 22
51 30
51 31
51 32
51 34
51 35
51 39
51 44
51 45
51 47
51 50
51 55
51 56
52 3
52 8
52 19
52 20
52 21
52 22
52 27
52 29
52 31
52 32
52 33
52 42
52 44
52 45
52 50
52 52
52 53
52 55
52 56
53 10
53 12
53 15
53 16
53 22
53 30
53 32
53 35
53 55
53 56
54 2
54 3
54 11
54 17
54 18
54 25
54 26
54 28
54 43
54 46
54 48
54 50
54 51
55 3
55 6
55 8
55 9
55 12
55 14
55 15
55 16
55 19
55 20
55 22
55 30
55 33
55 34
55 35
55 38
55 39
55 42
55 44
55 45
55 47
55 50
55 55
55 56
56 3
56 8
56 12
56 16
56 19
56 20
56 21
56 22
56 23
56 30
56 32
56 33
56 35
56 44
56 45
56 50
56 55
56 56
57 9
57 14
57 22
57 23
57 30
57 33
57 34
57 39
57 42
57 47
58 8
58 39
58 47
59 18
59 24
59 28
59 37
59 42
59 44
59 45
59 46
59 48
59 54
60 3
60 8
60 9
60 15
60 19
60 20
60 22
60 23
60 30
60 31
60 33
60 35
60 39
60 44
60 45
60 47
60 50
60 55
60 56
61 6
61 7
61 8
61 9
61 10
61 14
61 22
61 23
61 33
61 34
61 42
61 44
61 45
61 52
61 53
61 55
61 56
62 8
63 44
63 45
64 1
64 4
64 56
65 0
65 2
65 28
65 48
66 2
66 36
67 3
67 10
67 14
67 19
67 20
67 23
67 33
67 34
67 50
67 55
67 56
68 3
68 8
68 9
68 15
68 19
68 20
68 22
68 32
68 39
68 47
68 50
68 55
68 56
69 0
69 2
69 4
69 11
69 17
69 18
69 22
69 44
69 45
69 46
70 3
70 5
70 7
70 8
70 9
70 14
70 15
70 19
70 20
70 21
70 22
70 30
70 32
70 33
70 34
70 35
70 38
70 39
70 44
70 45
70 47
70 50
70 55
70 56
71 0
71 51
72 18
73 1
73 18
73 46
74 4
74 17
74 18
74 46
75 1
75 4
75 11
75 17
75 18
75 36
75 46
75 51
76 3
76 6
76 7
76 8
76 10
76 12
76 13
76 14
76 15
76 16
76 19
76 20
76 21
76 22
76 23
76 33
76 34
76 35
76 38
76 39
76 40
76 42
76 44
76 45
76 47
76 49
76 50
76 52
76 53
76 56
77 8
77 9
77 15
77 19
77 20
77 22
77 30
77 33
77 39
77 40
77 47
77 49
77 55
77 56
78 32
78 44
78 45
79 18
80 4
80 18
80 46
81 3
81 6
81 8
81 9
81 19
81 20
81 22
81 30
81 31
81 33
81 35
81 39
81 42
81 47
81 50
81 55
81 56
82 13
82 14
82 34
83 3
83 6
83 8
83 12
83 14
83 15
83 16
83 19
83 20
83 22
83 23
83 27
83 29
83 30
83 31
83 33
83 34
83 35
83 38
83 42
83 44
83 45
83 50
83 52
83 53
83 55
83 56
84 3
84 6
84 7
84 8
84 9
84 10
84 14
84 15
84 19
84 20
84 21
84 22
84 23
84 27
84 29
84 30
84 32
84 33
84 34
84 35
84 38
84 39
84 42
84 44
84 45
84 47
84 50
84 55
84 56
85 18
86 18
87 18
87 41
87 46
87 51
88 18
89 0
89 1
89 2
89 3
89 11
89 18
89 24
89 28
89 37
89 41
89 46
89 48
89 50
89 51
89 54
90 4
90 11
90 37
91 4
91 46
92 1
92 18
92 46
