0 0
0 2
0 5
0 6
0 19
0 20
0 25
0 27
0 28
0 32
0 41
0 46
0 47
1 41
1 47
2 4
2 17
3 16
3 17
4 17
5 0
5 11
5 12
5 19
5 20
5 25
5 27
5 28
5 31
5 38
5 40
5 42
5 46
6 0
6 48
7 0
7 2
7 4
7 10
7 13
7 16
7 17
7 21
7 35
7 39
7 45
7 47
7 48
8 10
9 12
9 13
9 19
9 20
10 0
10 1
10 2
10 3
10 5
10 6
10 7
10 8
10 9
10 11
10 12
10 13
10 14
10 15
10 19
10 20
10 24
10 25
10 26
10 27
10 28
10 29
10 30
10 32
10 33
10 35
10 36
10 37
10 38
10 41
10 44
10 46
10 47
11 16
11 17
12 4
12 16
12 17
13 0
13 7
13 9
13 11
13 15
13 19
13 20
13 27
13 28
13 31
13 33
13 35
13 36
13 37
13 44
13 46
13 47
14 41
14 47
15 0
15 1
15 2
15 12
15 27
15 28
15 29
15 46
15 47
16 2
16 3
16 6
16 7
16 8
16 13
16 14
16 19
16 20
16 25
16 27
16 28
16 29
16 31
16 33
16 38
16 41
16 42
16 46
16 47
17 1
17 4
17 16
17 17
17 39
17 43
18 0
18 1
18 2
18 3
18 5
18 6
18 7
18 8
18 9
18 11
18 12
18 13
18 14
18 15
18 18
18 19
18 20
18 24
18 25
18 26
18 27
18 28
18 29
18 30
18 31
18 32
18 33
18 35
18 36
18 37
18 38
18 40
18 41
18 42
18 44
18 46
18 47
19 2
19 3
19 6
19 7
19 11
19 14
19 33
19 36
19 37
19 44
19 46
19 47
20 0
20 1
20 2
20 3
20 5
20 6
20 7
20 8
20 12
20 14
20 19
20 20
20 24
20 25
20 27
20 28
20 29
20 31
20 33
20 36
20 37
20 38
20 41
20 44
20 46
20 47
21 3
21 5
21 6
21 12
21 13
21 14
21 19
21 20
21 24
21 26
21 29
21 30
21 36
21 37
21 40
21 41
21 44
21 46
21 47
22 10
23 0
23 4
23 8
23 10
23 16
23 17
23 21
23 22
23 23
23 34
23 39
23 41
23 48
24 6
24 29
24 46
24 47
25 0
25 2
25 7
25 8
25 29
25 32
25 33
25 41
25 46
25 47
26 0
26 2
26 3
26 5
26 6
26 7
26 9
26 12
26 13
26 14
26 15
26 19
26 20
26 24
26 25
26 27
26 28
26 31
26 33
26 35
26 38
26 46
27 2
27 29
28 0
28 2
28 3
28 5
28 6
28 7
28 8
28 9
28 12
28 13
28 14
28 15
28 19
28 20
28 24
28 25
28 26
28 27
28 28
28 29
28 30
28 31
28 32
28 33
28 35
28 36
28 37
28 38
28 41
28 44
28 46
28 47
29 0
29 2
29 3
29 6
29 7
29 9
29 11
29 12
29 13
29 14
29 15
29 19
29 20
29 24
29 25
29 26
29 27
29 28
29 29
29 30
29 32
29 33
29 35
29 36
29 37
29 38
29 40
29 41
29 44
29 46
29 47
30 0
30 27
30 28
30 47
31 0
31 47
32 27
32 28
32 29
32 36
32 37
32 44
32 47
33 3
33 6
33 12
33 14
33 38
33 41
33 46
33 47
34 46
35 0
35 8
35 40
36 2
36 4
36 16
37 16
37 17
38 4
39 4
39 16
39 17
39 21
40 11
40 19
40 20
40 36
40 37
40 44
40 47
41 6
41 19
41 20
42 8
42 19
42 20
42 25
42 47
43 3
43 12
43 14
43 25
43 29
44 2
44 4
44 10
44 16
44 17
44 21
44 45
45 0
45 2
45 3
45 6
45 7
45 8
45 9
45 11
45 12
45 14
45 15
45 19
45 20
45 27
45 28
45 29
45 31
45 33
45 41
45 46
45 47
46 3
46 6
46 14
46 19
46 20
46 29
46 47
47 6
47 11
47 19
47 20
48 8
48 9
48 15
48 46
48 47
49 21
50 11
50 46
50 47
51 2
51 6
51 13
51 19
51 20
51 27
51 28
51 29
51 36
51 37
51 38
51 41
51 44
51 46
51 47
52 3
52 13
52 14
52 24
52 29
53 31
54 2
54 4
54 10
55 2
56 4
56 16
56 17
56 21
57 4
58 2
58 11
58 19
58 20
58 46
59 2
59 6
59 46
59 47
60 0
60 2
60 4
60 10
60 13
60 17
60 18
60 21
60 34
60 45
60 48
61 0
61 2
61 5
61 6
61 7
61 19
61 20
61 27
61 28
61 29
61 33
61 38
61 41
61 47
62 16
63 0
63 48
64 17
65 4
65 17
66 0
66 2
66 3
66 5
66 6
66 8
66 9
66 11
66 13
66 14
66 15
66 19
66 20
66 25
66 29
66 31
66 35
66 36
66 37
66 38
66 41
66 44
66 46
66 47
67 2
67 3
67 6
67 9
67 12
67 14
67 15
67 19
67 20
67 29
67 38
67 46
67 47
68 16
69 3
69 14
69 38
69 42
69 46
70 0
70 2
70 3
70 5
70 6
70 12
70 13
70 14
70 19
70 20
70 24
70 29
70 35
70 38
70 41
70 46
70 47
71 0
71 2
71 3
71 6
71 7
71 11
71 14
71 19
71 20
71 29
71 33
71 35
71 36
71 37
71 41
71 44
71 46
71 47
72 17
73 1
73 2
73 4
73 16
73 17
73 35
73 39
73 43
74 4
74 16
74 17
