6 0
6 9
6 13
6 15
6 16
6 22
6 23
6 24
6 28
6 29
6 38
6 39
6 40
6 41
6 43
6 44
6 55
6 62
6 66
6 67
6 68
6 69
6 71
6 73
6 77
6 80
6 81
6 82
6 84
6 89
6 90
6 91
6 92
6 93
6 95
6 98
6 99
6 100
6 102
6 106
6 108
6 110
6 111
6 112
6 113
6 118
6 123
6 124
6 125
6 126
6 127
6 128
6 129
6 131
6 137
6 138
6 139
6 140
6 142
6 145
6 146
6 147
6 148
6 149
6 152
6 154
6 155
6 158
6 161
6 166
6 168
6 170
6 171
6 173
6 181
6 182
6 184
6 186
6 187
6 188
6 189
6 190
6 196
6 197
6 198
6 199
6 200
6 204
6 205
6 206
6 207
6 209
6 211
6 212
16 0
16 1
16 2
16 3
16 11
16 13
16 24
16 34
16 35
16 46
16 47
16 48
16 88
16 104
16 131
16 132
16 163
16 164
16 180
16 191
16 199
16 200
16 201
16 202
18 46
18 145
20 13
20 24
20 37
20 120
20 121
24 0
24 1
24 3
24 4
24 5
24 6
24 10
24 11
24 20
24 24
24 33
24 34
24 35
24 36
24 37
24 42
24 46
24 54
24 65
24 78
24 98
24 100
24 103
24 104
24 116
24 117
24 120
24 121
24 122
24 131
24 132
24 133
24 135
24 147
24 150
24 156
24 163
24 164
24 175
24 176
24 177
24 178
24 179
24 180
24 191
24 192
24 193
24 194
24 195
24 196
24 199
24 200
24 201
24 202
25 8
25 13
25 14
25 20
25 24
25 27
25 31
25 32
25 33
25 37
25 54
25 55
25 59
25 60
25 69
25 71
25 72
25 76
25 82
25 83
25 85
25 86
25 88
25 89
25 90
25 92
25 93
25 94
25 95
25 96
25 108
25 119
25 121
25 122
25 133
25 136
25 145
25 147
25 168
25 196
25 199
25 202
25 208
25 209
25 214
25 215
29 35
44 9
44 28
44 41
44 67
44 69
44 73
44 77
44 81
44 86
44 90
44 94
44 102
44 123
44 124
44 127
44 128
44 140
44 145
44 149
44 166
44 181
44 182
44 186
44 197
44 198
44 206
51 0
51 22
51 84
51 147
55 2
55 3
55 9
55 10
55 12
55 13
55 14
55 15
55 18
55 20
55 23
55 24
55 27
55 29
55 31
55 32
55 33
55 37
55 39
55 40
55 41
55 43
55 44
55 49
55 55
55 59
55 60
55 61
55 63
55 66
55 67
55 68
55 69
55 70
55 71
55 72
55 76
55 79
55 81
55 82
55 83
55 84
55 85
55 86
55 87
55 88
55 89
55 90
55 92
55 93
55 94
55 95
55 96
55 101
55 102
55 105
55 106
55 108
55 110
55 111
55 112
55 113
55 118
55 119
55 120
55 121
55 122
55 123
55 124
55 126
55 127
55 128
55 129
55 131
55 132
55 133
55 136
55 140
55 141
55 142
55 143
55 144
55 145
55 146
55 147
55 152
55 154
55 155
55 157
55 158
55 166
55 168
55 171
55 172
55 173
55 183
55 184
55 185
55 186
55 187
55 190
55 196
55 199
55 200
55 202
55 204
55 207
55 208
55 209
55 211
55 212
55 214
57 4
57 5
57 6
57 37
57 42
57 54
57 65
57 78
57 132
57 133
57 134
57 150
57 156
57 175
57 196
57 199
57 200
57 201
57 202
63 13
63 27
63 31
63 32
63 33
63 36
63 37
63 59
63 60
63 82
63 84
63 86
63 87
63 89
63 90
63 92
63 93
63 95
63 96
63 118
63 119
63 120
63 121
63 122
63 129
63 141
63 167
63 196
63 207
63 208
73 14
73 22
73 200
74 0
74 2
74 8
74 10
74 11
74 13
74 14
74 20
74 24
74 27
74 31
74 32
74 33
74 37
74 43
74 49
74 59
74 60
74 61
74 66
74 69
74 71
74 72
74 76
74 79
74 82
74 83
74 84
74 85
74 86
74 88
74 89
74 90
74 92
74 93
74 94
74 95
74 96
74 102
74 105
74 118
74 119
74 120
74 121
74 122
74 123
74 124
74 126
74 127
74 133
74 136
74 145
74 147
74 168
74 173
74 175
74 199
74 202
74 207
74 208
74 209
74 214
74 215
106 33
106 34
106 46
106 86
106 88
106 89
106 95
106 120
106 121
113 0
113 145
113 161
113 211
129 0
129 3
129 11
129 34
129 35
129 36
129 37
129 39
129 50
129 51
129 53
129 91
129 131
129 145
129 152
129 153
129 156
129 199
129 202
150 13
150 14
150 24
150 27
150 32
150 33
150 35
150 54
150 76
150 82
150 84
150 86
150 88
150 89
150 90
150 92
150 93
150 95
150 96
150 106
150 118
150 120
150 121
150 129
150 132
150 136
150 155
150 156
150 168
150 196
150 202
150 207
161 14
161 27
161 32
161 61
161 66
161 79
161 82
161 84
161 86
161 89
161 92
161 93
161 94
161 95
161 106
161 121
161 122
161 129
161 136
161 173
161 196
164 2
164 3
164 34
164 35
164 37
164 46
164 103
164 122
164 163
164 164
164 179
164 180
164 202
168 37
168 207
173 86
173 119
173 214
202 13
202 14
202 15
202 27
202 28
202 29
202 33
202 39
202 41
202 43
202 44
202 55
202 67
202 69
202 76
202 82
202 85
202 86
202 88
202 90
202 92
202 96
202 108
202 110
202 112
202 113
202 123
202 124
202 129
202 136
202 141
202 142
202 145
202 168
202 171
202 185
202 190
202 207
209 0
209 2
209 3
209 11
209 14
209 24
209 35
209 37
209 46
209 47
209 50
209 51
209 53
209 90
209 101
209 103
209 120
209 121
209 122
209 131
209 145
209 152
209 157
209 160
209 163
209 164
209 196
209 200
209 201
212 0
212 3
212 12
212 14
212 18
212 24
212 31
212 32
212 33
212 37
212 46
212 47
212 48
212 65
212 67
212 70
212 71
212 72
212 73
212 76
212 82
212 83
212 84
212 85
212 86
212 88
212 89
212 90
212 91
212 92
212 93
212 94
212 95
212 96
212 97
212 98
212 99
212 102
212 105
212 106
212 108
212 118
212 120
212 121
212 122
212 129
212 133
212 136
212 142
212 143
212 147
212 152
212 154
212 156
212 159
212 160
212 166
212 167
212 168
212 173
212 196
212 199
212 200
212 201
212 207
212 214
215 0
215 3
215 12
215 14
215 18
215 20
215 22
215 27
215 36
215 37
215 39
215 40
215 41
215 46
215 47
215 48
215 49
215 50
215 51
215 53
215 54
215 55
215 57
215 62
215 71
215 72
215 78
215 79
215 82
215 83
215 85
215 86
215 88
215 89
215 90
215 91
215 94
215 97
215 98
215 99
215 101
215 102
215 105
215 106
215 109
215 110
215 112
215 113
215 115
215 118
215 119
215 121
215 122
215 127
215 129
215 131
215 133
215 134
215 136
215 143
215 144
215 145
215 146
215 148
215 152
215 153
215 154
215 155
215 157
215 158
215 159
215 160
215 163
215 166
215 167
215 168
215 170
215 173
215 188
215 196
215 197
215 199
215 200
215 201
215 202
215 207
215 209
215 211
215 214
215 215
