2 0
5 0
9 0
17 0
18 0
19 0
26 0
28 0
29 0
32 0
34 0
37 0
42 0
3 1
5 1
30 1
46 1
1 2
32 2
41 2
39 3
16 4
16 5
16 6
16 7
3 8
0 9
2 9
3 9
5 9
9 9
12 9
18 9
23 9
30 9
34 9
41 9
0 10
1 10
3 10
5 10
6 10
7 10
9 10
12 10
13 10
14 10
15 10
17 10
18 10
19 10
23 10
25 10
26 10
27 10
28 10
29 10
30 10
31 10
32 10
34 10
35 10
36 10
37 10
39 10
41 10
42 10
43 10
44 10
46 10
16 11
10 12
16 12
21 12
45 12
48 12
0 13
26 13
3 14
5 14
9 14
13 14
0 15
1 15
3 15
5 15
7 15
9 15
13 15
15 15
17 15
19 15
26 15
27 15
29 15
30 15
32 15
34 15
35 15
36 15
39 15
42 15
44 15
46 15
16 16
16 17
10 18
16 18
20 18
0 19
1 19
2 19
3 19
5 19
6 19
7 19
9 19
11 19
12 19
13 19
14 19
15 19
17 19
18 19
19 19
25 19
26 19
27 19
28 19
29 19
30 19
31 19
32 19
34 19
35 19
36 19
37 19
39 19
41 19
42 19
43 19
44 19
46 19
6 20
7 20
18 20
27 20
32 20
39 20
41 20
42 20
17 21
18 21
19 21
26 21
28 21
31 21
39 21
0 22
1 22
3 22
5 22
6 22
7 22
9 22
12 22
13 22
14 22
15 22
17 22
18 22
19 22
23 22
25 22
26 22
27 22
28 22
29 22
30 22
31 22
32 22
34 22
36 22
37 22
39 22
41 22
42 22
44 22
46 22
1 23
3 23
5 23
9 23
19 23
26 23
0 24
4 24
16 24
40 24
47 24
0 25
1 25
2 25
3 25
4 25
5 25
6 25
7 25
8 25
9 25
10 25
11 25
12 25
13 25
14 25
15 25
16 25
17 25
18 25
19 25
21 25
22 25
23 25
24 25
25 25
26 25
27 25
28 25
29 25
30 25
31 25
32 25
33 25
34 25
35 25
36 25
37 25
38 25
39 25
40 25
41 25
42 25
43 25
44 25
46 25
0 26
1 26
2 26
3 26
5 26
6 26
7 26
9 26
11 26
12 26
13 26
14 26
15 26
17 26
18 26
19 26
23 26
25 26
26 26
27 26
28 26
29 26
30 26
31 26
32 26
34 26
35 26
36 26
37 26
39 26
41 26
42 26
43 26
44 26
46 26
39 27
0 28
2 28
3 28
5 28
6 28
7 28
9 28
12 28
13 28
18 28
19 28
23 28
25 28
27 28
28 28
31 28
34 28
39 28
41 28
42 28
43 28
3 29
5 29
41 29
10 30
16 30
21 30
33 30
39 30
40 30
42 30
45 30
47 30
48 30
0 31
1 31
3 31
5 31
6 31
7 31
18 31
19 31
26 31
27 31
28 31
29 31
30 31
32 31
34 31
39 31
42 31
43 31
25 32
0 33
5 33
13 33
28 33
39 33
0 34
1 34
2 34
3 34
5 34
6 34
7 34
9 34
11 34
12 34
13 34
14 34
15 34
17 34
18 34
23 34
25 34
28 34
29 34
32 34
34 34
35 34
37 34
39 34
41 34
42 34
43 34
44 34
46 34
0 35
3 35
5 35
9 35
29 35
34 35
36 35
0 36
2 36
5 36
6 36
9 36
11 36
19 36
32 36
34 36
42 36
0 37
3 37
5 37
9 37
14 37
18 37
25 37
29 37
30 37
32 37
34 37
39 37
42 37
0 38
1 38
3 38
6 38
7 38
9 38
12 38
17 38
19 38
23 38
26 38
27 38
28 38
29 38
32 38
39 38
41 38
42 38
43 38
44 38
46 38
0 39
3 39
5 39
6 39
7 39
9 39
12 39
13 39
18 39
19 39
23 39
27 39
28 39
29 39
39 39
41 39
0 40
1 40
2 40
3 40
5 40
7 40
9 40
12 40
13 40
15 40
17 40
18 40
19 40
23 40
25 40
27 40
34 40
37 40
41 40
42 40
44 40
46 40
1 41
2 41
5 41
9 41
34 41
46 41
19 42
29 42
34 42
1 43
40 44
16 45
16 46
0 47
2 47
3 47
5 47
7 47
9 47
16 47
17 47
18 47
19 47
27 47
28 47
29 47
30 47
41 47
42 47
44 47
47 47
16 48
5 49
7 49
12 49
13 49
32 49
36 49
1 50
3 50
6 50
7 50
13 50
14 50
15 50
17 50
18 50
19 50
25 50
27 50
28 50
39 50
41 50
44 50
12 51
18 51
23 51
28 51
3 52
19 52
44 52
14 53
34 53
16 54
0 55
1 55
3 55
5 55
6 55
7 55
9 55
13 55
15 55
17 55
18 55
19 55
23 55
25 55
26 55
27 55
28 55
29 55
31 55
32 55
34 55
35 55
36 55
39 55
41 55
42 55
43 55
46 55
42 56
3 57
1 58
5 58
7 58
13 58
17 58
26 58
32 58
34 58
39 58
42 58
14 59
30 59
43 59
3 60
7 60
32 60
16 61
0 62
1 62
2 62
3 62
5 62
7 62
9 62
12 62
13 62
14 62
15 62
17 62
18 62
19 62
23 62
25 62
26 62
27 62
28 62
29 62
30 62
31 62
32 62
34 62
35 62
36 62
37 62
39 62
41 62
42 62
44 62
46 62
0 63
1 63
3 63
5 63
6 63
9 63
13 63
14 63
17 63
25 63
28 63
29 63
30 63
31 63
32 63
36 63
39 63
41 63
42 63
43 63
0 64
1 64
2 64
3 64
6 64
7 64
9 64
12 64
14 64
15 64
18 64
19 64
23 64
27 64
32 64
41 64
10 65
21 65
40 65
47 65
10 66
16 67
1 68
6 68
7 68
15 68
18 68
19 68
26 68
27 68
30 68
41 68
42 68
43 68
44 68
3 69
5 69
7 69
9 69
19 69
31 69
34 69
41 69
10 70
16 70
20 70
21 70
33 70
40 70
47 70
16 71
16 72
16 73
21 73
40 73
10 74
47 75
19 76
0 77
1 77
2 77
3 77
5 77
6 77
7 77
9 77
12 77
13 77
15 77
17 77
18 77
19 77
25 77
26 77
27 77
28 77
29 77
30 77
31 77
32 77
34 77
35 77
39 77
41 77
42 77
43 77
44 77
46 77
23 78
2 79
3 79
5 79
6 79
7 79
12 79
13 79
18 79
19 79
27 79
30 79
31 79
34 79
37 79
39 79
41 79
42 79
46 79
16 80
0 81
3 81
13 81
18 81
41 81
45 82
48 82
29 83
41 83
43 83
0 84
3 84
6 84
13 84
31 84
35 84
39 84
44 84
5 85
9 85
11 85
13 85
26 85
39 85
44 85
0 86
1 86
2 86
3 86
5 86
6 86
7 86
9 86
12 86
13 86
15 86
17 86
18 86
19 86
23 86
25 86
26 86
27 86
29 86
30 86
31 86
32 86
34 86
35 86
37 86
39 86
41 86
43 86
46 86
0 87
1 87
2 87
3 87
5 87
6 87
7 87
9 87
12 87
13 87
15 87
18 87
19 87
23 87
25 87
26 87
27 87
28 87
29 87
30 87
32 87
34 87
39 87
41 87
42 87
43 87
46 87
2 88
4 88
10 88
16 88
21 88
29 88
38 88
40 88
47 88
12 89
16 90
