1 0
4 0
5 0
6 0
8 0
9 0
11 0
12 0
16 0
17 0
21 0
22 0
23 0
26 0
27 0
28 0
29 0
30 0
32 0
36 0
37 0
39 0
7 1
10 1
13 1
15 1
29 1
22 2
3 3
20 3
38 3
19 4
29 5
0 6
1 6
2 6
22 6
26 6
32 6
38 7
19 8
38 8
4 9
11 9
12 9
22 9
30 9
19 10
20 10
38 10
19 11
33 11
38 11
19 12
20 12
19 13
20 13
40 13
19 14
19 15
1 16
3 16
19 16
35 16
38 16
2 17
4 17
6 17
16 17
17 17
21 17
23 17
27 17
28 17
29 17
30 17
34 17
36 17
37 17
39 17
19 18
38 18
20 19
0 20
1 20
2 20
4 20
7 20
9 20
10 20
11 20
12 20
13 20
14 20
15 20
16 20
17 20
21 20
27 20
28 20
29 20
34 20
42 20
1 21
16 21
22 21
28 21
30 21
37 21
6 22
1 23
4 23
6 23
16 23
17 23
22 23
28 23
36 23
37 23
1 24
2 24
5 24
6 24
7 24
10 24
11 24
12 24
13 24
14 24
15 24
16 24
17 24
21 24
22 24
23 24
26 24
27 24
28 24
29 24
30 24
36 24
37 24
39 24
11 25
12 25
21 25
22 25
19 26
20 26
33 26
38 26
40 26
0 27
1 27
2 27
4 27
5 27
6 27
7 27
8 27
9 27
10 27
11 27
12 27
13 27
14 27
15 27
16 27
17 27
18 27
21 27
22 27
23 27
26 27
27 27
28 27
29 27
30 27
31 27
32 27
33 27
34 27
36 27
37 27
39 27
42 27
0 28
1 28
2 28
4 28
5 28
6 28
7 28
8 28
9 28
10 28
11 28
12 28
13 28
14 28
15 28
16 28
17 28
18 28
21 28
22 28
23 28
24 28
26 28
27 28
28 28
29 28
30 28
32 28
34 28
36 28
37 28
39 28
42 28
18 29
29 29
2 30
5 30
6 30
21 30
27 30
28 30
2 31
5 31
6 31
9 31
18 31
27 31
29 31
30 31
36 31
37 31
22 32
0 33
1 33
2 33
5 33
6 33
7 33
8 33
10 33
11 33
12 33
13 33
14 33
15 33
17 33
21 33
22 33
23 33
24 33
26 33
27 33
28 33
29 33
30 33
32 33
34 33
36 33
37 33
39 33
7 34
34 34
2 35
6 35
7 35
11 35
12 35
18 35
21 35
22 35
27 35
29 35
30 35
36 35
37 35
27 36
28 36
29 36
30 36
2 37
4 37
6 37
7 37
10 37
13 37
14 37
15 37
16 37
21 37
27 37
34 37
1 38
2 38
4 38
5 38
6 38
7 38
9 38
17 38
18 38
21 38
22 38
23 38
24 38
28 38
29 38
34 38
36 38
39 38
2 39
4 39
5 39
7 39
9 39
10 39
11 39
12 39
13 39
15 39
17 39
22 39
23 39
27 39
28 39
30 39
34 39
36 39
39 39
37 40
19 41
33 41
19 42
33 42
38 42
38 43
19 44
38 44
1 45
2 45
6 45
10 45
13 45
14 45
15 45
16 45
22 45
29 45
30 45
36 45
0 46
1 46
11 46
12 46
22 46
26 46
29 46
4 47
7 47
10 47
13 47
15 47
22 47
30 47
37 47
2 48
4 48
7 48
10 48
13 48
15 48
16 48
28 48
30 48
27 49
30 49
6 50
28 50
1 51
6 51
7 51
28 51
29 51
2 52
38 53
19 54
38 54
11 55
12 55
17 55
21 55
29 55
4 56
6 56
7 56
9 56
10 56
13 56
14 56
15 56
16 56
27 56
30 56
34 56
25 57
33 58
16 59
10 60
13 60
15 60
16 60
27 60
28 60
29 60
37 60
1 61
27 61
30 61
33 61
38 62
19 63
33 63
38 63
6 64
23 64
30 64
36 64
39 64
2 65
4 65
6 65
16 65
21 65
27 65
29 65
19 66
19 67
20 67
38 67
0 68
9 68
11 68
12 68
21 68
5 69
11 69
12 69
22 69
0 70
1 70
2 70
4 70
5 70
6 70
7 70
8 70
9 70
10 70
11 70
12 70
13 70
14 70
15 70
16 70
17 70
21 70
22 70
23 70
26 70
27 70
28 70
29 70
30 70
34 70
36 70
37 70
39 70
0 71
1 71
2 71
4 71
5 71
6 71
7 71
9 71
10 71
11 71
12 71
13 71
14 71
15 71
17 71
22 71
23 71
26 71
27 71
28 71
29 71
30 71
36 71
37 71
39 71
42 71
19 72
22 72
25 72
38 72
40 72
41 72
0 73
9 73
10 73
13 73
15 73
19 74
