0 7
0 10
0 14
0 24
0 26
0 27
0 33
0 34
0 39
0 51
0 52
1 10
1 11
1 27
1 44
2 42
3 0
3 12
4 29
4 30
4 48
5 7
5 33
6 0
6 3
6 7
6 25
7 1
7 4
7 5
7 17
7 42
7 49
7 50
7 56
8 0
8 27
8 33
8 44
9 46
10 16
11 11
11 42
11 46
12 46
13 21
13 46
14 46
15 1
15 4
15 5
15 27
15 46
15 47
15 48
15 56
16 3
16 10
16 25
16 33
16 35
16 44
17 44
18 1
18 4
18 10
18 27
18 35
18 44
18 56
19 15
19 41
19 55
20 46
21 3
21 12
21 44
22 44
23 15
23 42
23 55
24 17
24 23
24 30
24 42
24 46
24 47
24 49
24 50
24 52
25 29
25 42
25 46
26 16
26 21
26 42
27 1
27 4
27 17
27 23
27 27
27 29
27 42
27 46
27 56
28 8
28 11
28 15
28 16
28 22
28 23
28 29
28 30
28 42
28 48
28 52
28 55
29 5
29 15
29 55
30 29
30 42
30 48
31 17
32 0
32 3
32 10
32 25
32 33
33 12
33 33
34 2
34 25
34 33
34 35
35 19
35 21
36 0
36 3
36 27
36 44
37 8
37 15
37 16
37 23
37 29
37 30
37 42
37 46
37 55
38 21
39 15
39 49
39 50
39 55
40 7
41 17
41 31
42 44
43 29
44 42
45 16
45 18
45 20
46 46
46 49
46 50
47 7
47 33
48 1
48 4
48 5
48 23
48 27
48 29
48 41
48 42
48 46
48 49
48 50
48 56
49 16
49 31
50 30
51 46
52 3
52 33
52 44
53 7
54 17
54 37
55 15
55 55
56 27
56 31
56 48
57 5
57 31
58 41
58 46
59 6
59 10
59 27
59 35
60 27
61 0
61 7
61 10
61 25
61 27
61 33
61 35
61 38
61 44
62 9
62 11
62 13
62 14
62 15
62 16
62 17
62 18
62 20
62 21
62 23
62 27
62 29
62 30
62 31
62 32
62 33
62 36
62 37
62 39
62 42
62 43
62 47
62 52
62 53
62 54
62 55
63 5
63 15
63 17
63 21
63 22
63 42
63 49
63 50
63 52
63 54
63 55
64 1
64 3
64 4
64 5
64 6
64 7
64 8
64 9
64 10
64 11
64 12
64 13
64 14
64 16
64 17
64 18
64 19
64 20
64 21
64 22
64 23
64 24
64 25
64 26
64 27
64 28
64 29
64 30
64 31
64 32
64 33
64 34
64 36
64 37
64 38
64 39
64 40
64 41
64 42
64 43
64 45
64 46
64 47
64 48
64 49
64 50
64 52
64 53
64 54
64 56
65 29
66 1
66 4
66 5
66 8
66 11
66 41
66 42
66 47
66 48
66 56
67 1
67 4
67 5
67 15
67 23
67 29
67 30
67 31
67 46
67 48
67 55
67 56
68 15
68 23
68 30
68 52
68 55
69 33
70 3
70 10
70 11
70 12
70 27
70 33
70 45
