0 0
0 1
0 4
0 6
0 8
0 9
0 12
0 15
0 16
0 20
0 21
0 26
0 27
0 35
1 12
2 37
3 23
3 26
4 29
4 30
5 30
6 6
6 11
6 23
6 25
6 26
6 31
6 36
6 37
7 0
7 8
7 16
7 20
8 0
8 1
8 4
8 6
8 9
8 11
8 12
8 16
8 27
8 28
8 31
8 32
8 35
9 30
10 0
10 3
10 16
10 28
10 32
11 0
11 1
11 3
11 4
11 6
11 7
11 8
11 9
11 10
11 12
11 13
11 14
11 16
11 19
11 20
11 21
11 22
11 23
11 24
11 26
11 27
11 28
11 32
11 35
11 36
11 37
11 38
11 39
12 0
12 16
12 30
13 0
13 1
13 3
13 4
13 6
13 7
13 9
13 10
13 11
13 12
13 13
13 16
13 20
13 21
13 22
13 23
13 24
13 26
13 27
13 32
13 35
13 37
13 39
14 1
15 1
16 1
16 4
16 6
16 7
16 12
16 21
16 28
16 35
17 0
17 1
17 3
17 4
17 6
17 7
17 8
17 9
17 10
17 11
17 12
17 13
17 16
17 19
17 20
17 21
17 22
17 23
17 25
17 26
17 27
17 28
17 32
17 35
17 36
17 37
17 38
17 39
18 0
18 2
18 16
18 29
18 30
19 0
19 1
19 3
19 4
19 6
19 7
19 9
19 10
19 12
19 13
19 14
19 15
19 16
19 19
19 20
19 21
19 22
19 23
19 24
19 25
19 26
19 27
19 28
19 31
19 32
19 33
19 35
19 36
19 37
19 38
19 39
20 0
20 1
20 4
20 7
20 8
20 9
20 13
20 16
20 19
20 20
20 21
20 22
20 24
20 27
20 28
20 35
20 37
20 39
21 35
21 37
22 0
22 1
22 3
22 4
22 6
22 7
22 8
22 12
22 14
22 15
22 16
22 19
22 20
22 21
22 23
22 25
22 26
22 28
22 35
23 0
23 1
23 4
23 7
23 8
23 12
23 16
23 19
23 20
23 21
23 23
23 35
24 0
24 2
24 3
24 5
24 16
24 18
24 29
24 30
24 34
25 0
25 1
25 3
25 6
25 7
25 8
25 12
25 14
25 16
25 19
25 20
25 21
25 22
25 27
25 28
25 35
25 37
25 39
26 28
27 0
27 8
27 16
27 35
28 0
28 1
28 3
28 4
28 6
28 7
28 8
28 9
28 11
28 12
28 13
28 14
28 16
28 19
28 21
28 22
28 23
28 24
28 25
28 26
28 27
28 28
28 37
28 38
28 39
29 1
29 3
29 4
29 6
29 11
29 12
29 28
29 31
29 37
30 0
30 1
30 4
30 6
30 7
30 9
30 11
30 12
30 16
30 19
30 20
30 21
30 22
30 23
30 24
30 28
30 32
30 35
30 37
30 38
30 39
31 1
31 12
31 20
31 35
32 0
32 3
32 4
32 6
32 8
32 11
32 15
32 16
32 20
32 23
32 24
32 27
32 28
32 31
32 37
33 0
33 9
33 10
33 11
33 14
33 16
33 23
33 26
34 0
34 1
34 4
34 8
34 13
34 14
34 16
34 21
34 24
34 28
34 35
34 37
35 0
35 8
35 12
35 16
35 20
35 22
35 23
35 25
35 35
35 39
36 0
36 1
36 4
36 6
36 7
36 12
36 16
36 19
36 21
36 23
36 28
36 35
36 37
37 3
37 8
37 9
37 12
37 19
37 23
37 31
38 6
38 10
38 11
38 26
39 30
40 30
41 30
41 36
42 1
42 3
42 4
42 12
42 15
42 37
43 30
44 2
44 3
44 5
44 29
44 38
45 28
46 6
46 21
46 28
47 0
47 1
47 3
47 4
47 7
47 16
47 21
47 22
47 39
48 0
48 1
48 3
48 4
48 12
48 16
49 0
49 16
49 29
49 30
50 0
50 1
50 3
50 4
50 6
50 9
50 11
50 16
50 21
50 24
50 28
50 31
50 32
50 37
51 1
51 4
51 7
51 12
51 19
51 20
51 28
51 35
51 37
52 6
53 3
53 37
54 0
54 1
54 3
54 16
54 23
55 0
55 3
55 6
55 7
55 8
55 9
55 11
55 14
55 16
55 20
55 21
55 23
55 24
55 25
55 26
55 27
55 28
55 31
55 32
55 35
55 36
55 37
55 38
56 14
56 25
56 26
57 0
57 1
57 16
58 17
58 29
59 3
60 30
61 30
62 30
63 0
63 3
63 8
63 12
63 16
63 27
63 35
64 0
64 3
64 4
64 12
64 16
64 24
65 18
65 30
66 29
67 30
68 0
68 6
68 16
68 21
68 37
69 0
69 1
69 7
69 12
69 16
69 19
69 21
69 25
69 35
70 30
71 0
71 1
71 3
71 8
71 9
71 11
71 12
71 16
71 20
71 23
71 24
71 26
71 27
71 28
71 31
71 37
72 0
72 9
72 16
72 23
72 24
72 25
72 37
73 19
73 31
74 0
74 1
74 3
74 4
74 6
74 7
74 9
74 10
74 11
74 13
74 16
74 19
74 21
74 22
74 23
74 24
74 25
74 26
74 28
74 31
74 35
74 36
74 37
74 38
74 39
75 0
75 1
75 3
75 4
75 6
75 7
75 8
75 9
75 10
75 11
75 12
75 13
75 15
75 16
75 20
75 21
75 22
75 23
75 24
75 25
75 26
75 27
75 28
75 35
75 36
75 37
75 38
75 39
76 30
77 0
77 2
77 16
77 29
77 30
78 0
78 16
78 30
79 30
80 30
