7 0
7 10
7 16
7 17
7 22
7 23
7 24
7 25
7 26
7 35
7 36
7 40
7 41
7 42
7 43
7 50
7 53
7 55
7 56
7 57
7 58
7 59
7 62
7 66
7 67
7 68
7 69
7 70
7 71
7 73
7 76
7 79
7 83
7 84
7 85
7 89
7 90
7 91
7 92
7 96
7 97
7 107
7 108
7 109
7 110
7 112
7 114
7 115
7 116
7 118
7 120
7 121
7 122
7 125
7 126
7 127
7 128
7 130
7 132
7 135
7 137
7 138
7 140
7 141
7 146
7 147
7 151
7 152
7 154
7 155
7 156
7 160
8 7
8 13
8 14
8 16
8 23
8 28
8 29
8 30
8 31
8 32
8 37
8 104
8 132
8 139
8 154
11 0
17 0
17 1
17 2
17 3
17 4
17 5
17 6
17 7
17 16
17 17
17 20
17 21
17 23
17 28
17 29
17 30
17 32
17 35
17 37
17 38
17 40
17 41
17 42
17 44
17 47
17 48
17 50
17 63
17 66
17 72
17 74
17 75
17 88
17 99
17 100
17 101
17 102
17 104
17 108
17 118
17 119
17 120
17 125
17 126
17 132
17 133
17 139
17 142
17 145
17 146
17 147
17 148
17 149
17 153
17 154
17 162
18 0
18 14
18 16
18 35
18 66
18 72
18 76
18 95
18 97
18 108
18 132
18 134
18 149
18 153
18 159
18 160
26 57
26 79
26 91
26 116
44 6
44 16
44 41
44 75
44 132
48 47
50 0
50 11
50 14
50 15
50 16
50 17
50 22
50 25
50 26
50 28
50 30
50 33
50 34
50 35
50 36
50 38
50 42
50 43
50 50
50 53
50 55
50 57
50 58
50 62
50 66
50 67
50 68
50 70
50 71
50 72
50 73
50 76
50 78
50 79
50 80
50 84
50 85
50 90
50 91
50 92
50 95
50 97
50 98
50 99
50 103
50 104
50 106
50 107
50 108
50 109
50 111
50 112
50 113
50 114
50 115
50 116
50 121
50 122
50 123
50 125
50 127
50 128
50 129
50 130
50 131
50 132
50 133
50 134
50 135
50 136
50 137
50 141
50 145
50 148
50 149
50 152
50 153
50 154
50 155
50 156
50 158
50 159
50 160
51 0
51 2
51 20
51 21
51 44
51 47
51 63
51 65
51 102
51 118
53 16
53 95
53 97
53 153
53 154
53 160
59 0
59 2
59 6
59 7
59 10
59 20
59 21
59 23
59 28
59 40
59 41
59 44
59 47
59 71
59 73
59 74
59 75
59 76
59 78
59 83
59 84
59 88
59 93
59 96
59 97
59 102
59 108
59 113
59 115
59 119
59 123
59 129
59 132
59 133
59 141
59 142
59 148
59 149
59 152
59 159
60 6
60 16
60 21
60 28
60 33
60 34
60 35
60 36
60 42
60 44
60 62
60 63
60 66
60 72
60 73
60 74
60 77
60 83
60 88
60 91
60 93
60 95
60 97
60 104
60 108
60 115
60 119
60 121
60 128
60 132
60 134
60 135
60 136
60 141
60 148
60 149
60 153
60 154
60 159
80 91
85 26
85 39
85 57
85 88
85 93
85 96
85 99
85 113
85 121
85 141
85 148
85 149
85 159
85 160
86 17
86 33
86 42
93 0
93 16
93 135
104 153
116 21
116 44
116 47
116 102
123 73
123 76
142 76
142 91
142 134
149 22
149 58
149 67
149 71
149 76
149 79
149 90
149 92
149 99
149 112
149 114
149 116
149 133
149 135
149 137
156 16
156 23
160 0
160 17
160 23
160 25
160 28
160 29
160 30
160 33
160 40
160 41
160 42
160 43
160 56
160 62
160 64
160 65
160 72
160 73
160 74
160 75
160 76
160 78
160 79
160 85
160 88
160 91
160 92
160 95
160 96
160 97
160 99
160 104
160 108
160 113
160 115
160 116
160 123
160 126
160 127
160 132
160 133
160 134
160 135
160 144
160 148
160 149
160 153
160 159
162 0
162 7
162 15
162 21
162 22
162 23
162 28
162 34
162 38
162 39
162 40
162 42
162 43
162 44
162 46
162 50
162 53
162 58
162 63
162 64
162 65
162 73
162 74
162 75
162 76
162 78
162 79
162 82
162 83
162 84
162 85
162 88
162 89
162 90
162 97
162 99
162 104
162 107
162 108
162 109
162 110
162 111
162 112
162 113
162 114
162 115
162 116
162 119
162 120
162 122
162 125
162 126
162 128
162 129
162 132
162 133
162 134
162 144
162 145
162 146
162 148
162 149
162 152
162 156
162 159
162 160
