0 19
1 3
2 0
2 2
2 3
2 11
3 19
4 1
4 8
4 9
4 14
4 15
4 16
4 17
4 18
4 24
5 19
6 3
7 2
7 4
7 5
7 7
7 10
7 12
7 13
7 15
7 20
7 21
7 23
7 25
8 0
8 2
8 4
8 5
8 6
8 9
8 18
8 20
8 21
8 22
9 3
9 11
9 12
9 19
10 0
10 3
10 7
10 11
10 12
11 0
11 2
11 5
11 6
11 9
11 12
11 15
11 18
11 20
11 21
11 22
11 25
12 0
12 2
12 3
12 5
12 7
12 10
12 11
12 19
12 21
12 22
13 5
13 18
14 18
14 22
15 8
15 9
15 14
15 15
15 20
15 23
15 24
15 25
16 11
16 19
17 0
18 0
18 2
18 6
18 7
18 10
18 11
18 12
18 19
18 22
18 23
19 12
19 22
20 4
20 12
20 19
21 0
21 2
21 5
21 6
21 7
21 10
21 11
21 12
21 22
22 2
22 4
22 5
22 7
22 8
22 10
22 12
22 13
22 15
22 20
22 21
22 23
22 25
23 6
23 11
