0 2
0 3
0 6
0 8
0 9
0 10
0 15
0 19
0 20
0 21
0 27
0 28
0 29
0 33
0 34
0 35
1 0
1 4
1 20
2 12
2 25
3 0
3 4
3 8
3 20
3 29
4 0
4 5
4 8
4 12
4 22
4 25
4 26
4 27
4 29
5 4
6 1
6 2
6 3
6 4
6 6
6 7
6 8
6 9
6 10
6 13
6 14
6 15
6 16
6 17
6 19
6 20
6 21
6 23
6 24
6 25
6 26
6 27
6 30
6 31
6 32
6 33
6 34
6 35
6 36
7 0
7 4
7 20
8 12
9 0
9 22
10 5
10 18
10 25
10 26
11 11
11 18
11 22
11 25
11 26
12 5
12 22
12 26
13 0
13 1
13 2
13 6
13 7
13 8
13 9
13 10
13 11
13 12
13 13
13 14
13 15
13 16
13 17
13 19
13 20
13 21
13 22
13 23
13 24
13 25
13 26
13 27
13 28
13 29
13 31
13 32
13 33
13 34
13 35
14 4
15 11
15 22
16 0
16 11
16 25
16 26
16 29
17 0
17 4
17 5
17 11
17 12
17 20
17 22
17 25
17 26
17 27
17 29
18 2
18 6
18 9
18 10
18 15
18 19
18 20
18 30
18 34
18 35
18 36
19 4
19 5
19 8
19 29
20 0
20 4
20 5
20 8
20 11
20 12
21 0
21 11
21 18
21 25
21 26
22 0
22 11
22 12
22 25
22 26
22 29
23 0
23 4
23 8
23 11
23 12
23 18
23 22
23 25
23 26
23 29
24 5
24 18
25 5
25 18
26 4
26 5
26 12
26 18
26 29
27 0
27 12
27 18
27 25
27 26
28 5
28 12
28 18
28 22
28 26
29 4
29 8
29 11
29 25
29 29
30 4
30 22
30 25
31 0
31 2
31 3
31 8
31 9
31 10
31 12
31 19
31 20
31 21
31 29
31 33
31 34
31 35
32 8
32 20
33 4
33 8
33 11
34 4
34 5
34 8
34 12
34 29
35 3
35 6
35 9
35 13
35 19
35 20
35 21
35 27
35 33
35 34
35 35
