2 1
2 10
2 16
2 20
2 24
2 27
2 36
2 37
2 41
2 43
2 47
2 48
2 56
2 58
2 62
2 63
2 64
2 65
2 66
2 70
2 75
2 76
2 78
2 80
2 87
2 92
2 94
2 96
2 99
2 101
2 104
2 105
2 107
2 110
2 113
2 114
2 117
2 120
2 121
2 126
2 127
2 130
2 135
2 140
2 141
2 145
2 147
2 148
2 152
2 154
2 156
2 157
2 158
2 159
2 161
8 4
8 6
8 14
8 16
8 23
8 24
8 25
8 26
8 29
8 30
8 31
8 32
8 33
8 34
8 42
8 43
8 44
8 52
8 115
8 119
8 120
8 123
8 126
8 127
8 150
10 67
10 126
10 127
16 0
16 1
16 2
16 5
16 6
16 7
16 8
16 10
16 12
16 13
16 14
16 15
16 16
16 19
16 22
16 23
16 24
16 25
16 26
16 29
16 30
16 34
16 38
16 39
16 40
16 41
16 42
16 43
16 44
16 45
16 51
16 52
16 53
16 57
16 67
16 71
16 73
16 77
16 79
16 85
16 86
16 90
16 101
16 104
16 108
16 115
16 116
16 119
16 120
16 123
16 124
16 125
16 126
16 127
16 138
16 139
16 140
16 143
16 149
16 150
16 154
16 158
16 159
16 163
17 1
17 5
17 12
17 13
17 16
17 23
17 35
17 39
17 40
17 41
17 49
17 71
17 73
17 77
17 78
17 79
17 87
17 94
17 95
17 99
17 104
17 108
17 112
17 113
17 115
17 116
17 119
17 125
17 134
17 149
17 152
17 154
17 159
20 16
20 23
20 25
20 115
20 154
27 37
27 66
27 76
27 94
27 99
27 114
45 1
45 8
45 14
45 16
45 26
45 42
45 43
45 44
45 79
45 115
45 123
45 124
45 126
45 154
45 159
53 0
53 1
53 5
53 6
53 10
53 12
53 13
53 15
53 16
53 20
53 23
53 24
53 25
53 27
53 29
53 30
53 35
53 36
53 37
53 42
53 47
53 48
53 49
53 50
53 56
53 57
53 58
53 59
53 61
53 62
53 63
53 64
53 65
53 66
53 67
53 68
53 70
53 71
53 73
53 74
53 75
53 76
53 77
53 78
53 79
53 80
53 81
53 86
53 91
53 92
53 93
53 94
53 95
53 96
53 98
53 99
53 101
53 102
53 104
53 105
53 106
53 107
53 108
53 109
53 110
53 111
53 112
53 113
53 114
53 115
53 118
53 119
53 120
53 121
53 123
53 124
53 126
53 127
53 129
53 130
53 131
53 132
53 133
53 134
53 135
53 137
53 140
53 141
53 144
53 146
53 147
53 148
53 149
53 151
53 152
53 154
53 155
53 156
53 157
53 158
53 159
53 161
54 0
54 1
54 13
54 29
54 30
54 34
54 40
54 41
54 52
54 53
54 71
54 112
54 113
54 120
54 125
54 127
59 16
59 24
59 25
59 42
59 43
59 44
59 77
59 79
59 89
59 94
59 115
59 154
59 158
68 0
68 1
68 10
68 12
68 13
68 16
68 19
68 23
68 24
68 25
68 38
68 39
68 43
68 44
68 45
68 49
68 50
68 53
68 73
68 77
68 78
68 79
68 85
68 87
68 99
68 100
68 101
68 104
68 108
68 109
68 115
68 116
68 120
68 126
68 127
68 138
68 139
68 140
68 151
68 152
68 158
68 159
71 0
71 1
71 5
71 7
71 12
71 13
71 14
71 15
71 16
71 19
71 20
71 22
71 23
71 24
71 25
71 29
71 34
71 35
71 36
71 38
71 40
71 42
71 43
71 44
71 45
71 49
71 50
71 52
71 53
71 56
71 57
71 66
71 67
71 68
71 70
71 71
71 73
71 74
71 76
71 77
71 78
71 79
71 81
71 86
71 87
71 89
71 90
71 92
71 93
71 94
71 95
71 99
71 100
71 101
71 102
71 104
71 105
71 107
71 108
71 109
71 110
71 111
71 112
71 113
71 114
71 115
71 116
71 117
71 118
71 120
71 121
71 123
71 124
71 125
71 126
71 127
71 130
71 131
71 132
71 134
71 135
71 137
71 138
71 140
71 144
71 149
71 150
71 151
71 152
71 154
71 158
71 159
71 161
81 29
81 34
81 94
81 123
81 124
81 126
81 154
81 159
82 8
82 12
82 16
82 19
82 24
82 45
82 85
82 108
82 115
82 137
82 139
82 152
82 154
82 158
82 159
83 5
83 8
83 15
83 16
83 19
83 39
83 44
83 50
83 53
83 57
83 67
83 73
83 79
83 86
83 104
83 107
83 114
83 116
83 121
83 126
83 138
83 139
83 151
83 159
83 161
96 0
96 1
96 2
96 12
96 16
96 23
96 25
96 26
96 29
96 30
96 34
96 43
96 44
96 52
96 53
96 115
96 116
96 120
96 123
96 124
96 125
96 126
96 127
96 149
102 12
102 14
102 16
102 24
102 25
102 35
102 77
102 79
102 93
102 115
102 140
102 152
102 154
102 159
121 16
121 35
121 71
121 77
121 78
121 79
121 102
121 107
121 112
121 132
121 134
121 140
121 158
121 159
127 12
127 14
127 16
127 23
127 24
127 25
127 26
127 74
127 115
127 120
127 123
127 124
127 126
127 127
135 5
135 6
135 15
135 16
135 34
135 49
135 53
135 73
135 86
135 94
135 104
135 109
135 134
135 137
135 151
135 159
135 161
141 78
141 79
152 10
152 27
152 37
152 48
152 58
152 63
152 64
152 65
152 66
152 70
152 75
152 80
152 93
152 94
152 95
152 99
152 100
152 102
152 105
152 107
152 112
152 114
152 121
152 129
152 130
152 134
152 147
152 152
152 157
159 1
159 7
159 13
159 16
159 23
159 24
159 25
159 26
159 29
159 30
159 34
159 39
159 40
159 41
159 43
159 44
159 52
159 53
159 95
159 108
159 115
159 116
159 120
159 123
159 124
159 126
159 127
159 150
159 154
159 158
159 159
161 1
161 5
161 8
161 10
161 12
161 13
161 15
161 16
161 20
161 24
161 25
161 29
161 30
161 31
161 34
161 35
161 36
161 37
161 42
161 43
161 44
161 48
161 49
161 52
161 53
161 56
161 57
161 59
161 61
161 66
161 67
161 68
161 70
161 71
161 73
161 74
161 76
161 77
161 78
161 79
161 81
161 86
161 88
161 89
161 91
161 92
161 93
161 94
161 95
161 96
161 98
161 99
161 100
161 101
161 102
161 104
161 105
161 106
161 107
161 109
161 110
161 112
161 113
161 114
161 115
161 116
161 117
161 118
161 119
161 120
161 121
161 123
161 124
161 125
161 126
161 127
161 129
161 130
161 131
161 132
161 134
161 137
161 140
161 144
161 147
161 148
161 150
161 151
161 152
161 154
161 157
161 158
161 159
161 161
163 0
163 1
163 5
163 6
163 7
163 8
163 10
163 12
163 13
163 14
163 15
163 16
163 19
163 20
163 22
163 23
163 24
163 25
163 26
163 29
163 30
163 31
163 34
163 35
163 36
163 37
163 39
163 40
163 41
163 42
163 43
163 44
163 45
163 48
163 49
163 50
163 52
163 53
163 56
163 57
163 58
163 59
163 61
163 64
163 66
163 67
163 68
163 70
163 71
163 73
163 74
163 77
163 78
163 79
163 80
163 81
163 85
163 86
163 87
163 89
163 90
163 91
163 92
163 94
163 95
163 96
163 99
163 100
163 101
163 102
163 104
163 105
163 106
163 107
163 108
163 109
163 110
163 111
163 112
163 113
163 114
163 115
163 116
163 117
163 118
163 119
163 120
163 121
163 123
163 124
163 125
163 126
163 127
163 129
163 130
163 131
163 132
163 133
163 134
163 135
163 137
163 138
163 139
163 140
163 144
163 147
163 148
163 149
163 150
163 151
163 152
163 154
163 157
163 158
163 159
163 161
