28 0
2 1
3 1
11 1
23 1
26 1
7 2
29 3
7 4
9 4
12 4
13 4
20 4
27 4
29 5
7 6
1 7
6 8
7 8
12 8
21 8
25 8
0 9
14 9
19 9
7 10
7 11
20 11
28 11
28 12
12 13
20 13
6 14
21 14
28 15
1 16
7 16
12 16
28 16
22 17
2 18
9 18
16 18
22 18
22 19
2 20
4 20
10 20
11 20
16 20
23 20
26 20
0 21
14 21
19 21
15 22
22 23
0 24
2 24
6 24
7 24
8 24
9 24
11 24
12 24
13 24
14 24
15 24
19 24
20 24
21 24
23 24
24 24
27 24
29 24
7 25
1 26
20 26
28 26
22 27
22 28
11 29
12 30
11 31
12 31
15 31
20 31
11 32
4 33
9 33
11 33
16 33
12 34
0 35
1 35
2 35
5 35
6 35
7 35
8 35
9 35
10 35
11 35
12 35
13 35
14 35
16 35
17 35
18 35
19 35
20 35
21 35
22 35
23 35
24 35
25 35
26 35
27 35
29 35
9 36
