0 2
0 3
0 4
0 8
0 11
0 12
0 13
0 15
0 16
0 26
0 30
0 31
0 37
0 40
0 42
0 46
0 49
0 51
1 7
1 49
2 3
2 6
2 12
2 16
2 22
2 26
2 30
2 33
2 42
2 51
3 43
4 3
4 12
4 15
4 16
4 26
4 30
4 47
5 0
5 2
5 3
5 4
5 6
5 8
5 10
5 11
5 12
5 13
5 14
5 15
5 16
5 22
5 26
5 28
5 29
5 30
5 33
5 34
5 35
5 40
5 46
5 47
5 49
6 9
6 41
7 16
8 8
8 12
8 30
9 2
9 3
9 4
9 10
9 11
9 13
9 16
9 25
9 33
9 46
10 19
10 39
10 43
11 1
11 3
11 4
11 6
11 7
11 8
11 11
11 12
11 13
11 14
11 16
11 26
11 28
11 29
11 30
11 31
11 34
11 36
11 37
11 38
11 40
11 46
11 47
11 49
12 2
12 3
12 4
12 6
12 8
12 11
12 12
12 14
12 15
12 22
12 28
12 29
12 30
12 33
12 34
12 40
12 42
12 51
13 2
13 3
13 22
13 28
13 40
13 49
14 2
14 4
14 6
14 8
14 11
14 12
14 13
14 28
14 29
14 30
14 31
14 37
14 40
15 0
15 2
15 3
15 4
15 6
15 7
15 8
15 11
15 12
15 13
15 16
15 22
15 26
15 28
15 29
15 30
15 31
15 33
15 36
15 37
15 40
15 42
15 47
15 51
16 2
16 9
16 19
16 22
16 35
16 39
16 41
16 43
17 0
17 1
17 2
17 3
17 4
17 6
17 8
17 9
17 10
17 11
17 12
17 13
17 14
17 16
17 17
17 18
17 19
17 20
17 21
17 22
17 23
17 24
17 25
17 26
17 27
17 28
17 29
17 30
17 32
17 34
17 35
17 36
17 37
17 38
17 39
17 40
17 41
17 42
17 43
17 44
17 45
17 46
17 47
17 48
17 49
17 50
17 51
18 3
18 4
18 6
18 7
18 8
18 10
18 11
18 12
18 13
18 14
18 15
18 16
18 26
18 28
18 29
18 30
18 31
18 33
18 34
18 37
18 40
18 47
18 49
19 11
19 46
20 2
20 4
20 6
20 10
20 15
20 31
20 36
20 42
20 51
21 2
22 19
22 39
23 0
23 1
23 2
23 3
23 4
23 6
23 8
23 10
23 11
23 12
23 13
23 15
23 16
23 22
23 25
23 27
23 28
23 29
23 30
23 31
23 33
23 36
23 38
23 42
23 46
23 49
23 51
24 3
25 3
25 15
26 1
26 2
26 3
26 4
26 6
26 11
26 12
26 13
26 16
26 25
26 28
26 29
26 30
26 31
26 33
26 38
26 40
26 42
26 46
26 47
26 49
26 51
27 0
27 1
27 2
27 3
27 4
27 6
27 8
27 12
27 13
27 15
27 16
27 28
27 29
27 30
27 36
27 40
27 47
27 49
28 3
28 8
28 25
28 28
28 46
29 7
30 0
30 1
30 2
30 3
30 4
30 5
30 6
30 8
30 11
30 12
30 13
30 15
30 16
30 22
30 25
30 26
30 29
30 30
30 33
30 35
30 38
30 42
30 46
30 49
30 51
31 0
31 2
31 3
31 4
31 6
31 8
31 11
31 12
31 15
31 22
31 25
31 30
31 33
31 35
31 36
31 37
31 42
31 49
31 51
32 2
32 3
32 4
32 5
32 6
32 11
32 12
32 15
32 22
32 28
32 30
32 31
32 33
32 42
32 46
32 51
33 0
33 4
33 6
33 11
33 12
33 13
33 16
33 22
33 30
33 36
33 37
33 42
33 46
33 51
34 40
35 43
36 19
37 2
38 43
39 0
39 1
39 2
39 3
39 4
39 5
39 10
39 13
39 15
39 22
39 24
39 28
39 29
39 35
39 36
39 38
39 40
39 42
39 45
39 51
40 19
40 39
40 43
41 19
41 39
42 4
43 2
43 3
43 5
43 6
43 8
43 10
43 11
43 12
43 13
43 15
43 16
43 22
43 25
43 28
43 29
43 30
43 33
43 40
43 46
43 49
44 0
44 2
44 4
44 5
44 8
44 10
44 12
44 22
44 27
44 30
44 35
44 38
44 42
44 51
45 0
45 2
45 10
45 15
45 22
45 35
45 38
45 42
45 51
46 3
47 9
47 41
48 0
48 1
48 2
48 3
48 4
48 6
48 7
48 8
48 11
48 12
48 13
48 14
48 15
48 16
48 26
48 28
48 29
48 30
48 31
48 34
48 36
48 37
48 40
48 46
48 47
49 4
49 6
50 2
50 3
50 4
50 8
50 11
50 15
50 22
50 25
50 28
50 36
50 38
51 3
51 5
51 11
51 12
51 15
51 16
51 22
51 28
51 30
51 38
51 49
52 1
52 8
52 13
53 1
53 2
53 3
53 4
53 6
53 7
53 8
53 12
53 13
53 15
53 16
53 26
53 28
53 29
53 30
53 31
53 32
53 47
53 49
54 3
54 4
54 6
54 11
54 12
54 13
54 22
54 25
54 28
54 30
54 35
54 37
54 38
54 40
54 46
54 47
54 49
55 15
55 27
55 46
56 9
56 41
57 19
57 39
58 19
58 39
59 35
60 2
60 3
60 6
60 8
60 11
60 12
60 13
60 22
60 30
60 33
60 35
60 38
60 40
60 49
61 2
61 4
61 12
61 13
61 15
61 16
61 22
61 28
61 30
61 33
61 35
61 40
61 49
62 2
62 9
62 19
62 39
62 41
63 19
63 39
64 43
65 19
65 39
66 41
67 1
67 6
67 7
67 8
67 12
67 13
67 16
67 29
67 30
67 31
67 40
67 47
67 49
68 40
69 2
69 3
69 33
70 19
70 39
70 43
71 1
71 3
71 36
71 47
72 2
72 10
72 13
72 28
72 29
72 46
73 11
73 28
74 0
74 1
74 2
74 3
74 4
74 6
74 11
74 25
74 29
74 36
74 44
74 47
74 49
75 2
75 4
75 10
75 11
75 13
75 15
75 22
75 28
75 33
75 36
75 38
75 44
75 46
75 49
76 2
76 9
76 19
76 39
76 41
76 42
76 43
76 51
