0 0
0 1
0 5
0 10
0 13
0 17
0 23
0 24
0 25
0 26
0 29
0 30
0 31
0 35
0 36
1 0
2 0
2 17
3 21
4 0
4 7
5 0
5 1
5 3
5 4
5 5
5 7
5 10
5 12
5 13
5 14
5 17
5 18
5 19
5 24
5 25
5 29
5 30
5 35
5 36
6 34
7 16
8 2
8 16
8 21
8 27
8 32
9 0
9 1
9 4
9 5
9 7
9 10
9 11
9 13
9 17
9 18
9 19
9 20
9 23
9 24
9 25
9 26
9 29
9 31
9 35
9 36
10 15
10 27
10 32
11 0
11 1
11 3
11 4
11 5
11 7
11 10
11 12
11 18
11 19
11 23
11 24
11 25
11 30
11 31
11 35
11 36
12 0
12 1
12 5
12 24
12 26
12 29
13 0
13 1
13 5
13 7
13 13
13 18
13 25
13 31
13 35
14 0
14 1
14 4
14 5
14 7
14 10
14 12
14 13
14 17
14 24
14 25
14 29
14 30
14 31
14 35
14 36
15 5
15 13
15 19
15 30
15 36
16 2
16 15
16 16
16 27
16 32
16 33
17 0
17 1
17 3
17 4
17 5
17 7
17 8
17 9
17 10
17 11
17 12
17 13
17 14
17 17
17 18
17 19
17 20
17 23
17 24
17 25
17 26
17 27
17 29
17 30
17 31
17 35
17 36
18 0
18 1
18 5
18 8
18 17
18 24
18 25
18 29
18 31
18 35
19 0
19 1
19 5
19 24
19 25
19 36
20 0
20 1
20 3
20 12
20 13
20 18
20 23
20 24
20 25
20 26
20 29
20 31
20 36
21 0
21 1
21 3
21 5
21 17
21 23
21 24
21 26
21 31
22 10
22 13
22 24
22 29
22 30
23 0
23 1
23 3
23 5
23 7
23 10
23 13
23 17
23 18
23 19
23 20
23 24
23 25
23 26
23 29
23 30
23 31
24 1
25 0
25 1
25 3
25 4
25 5
25 7
25 8
25 9
25 10
25 11
25 12
25 17
25 18
25 19
25 24
25 25
25 26
25 29
25 30
25 31
25 36
26 0
26 4
26 24
26 26
26 36
27 1
27 3
27 5
27 7
27 18
27 19
27 23
27 24
27 25
27 31
28 0
28 1
28 24
28 25
28 31
29 1
29 26
30 0
30 25
30 26
31 15
31 16
31 32
32 32
33 15
33 32
33 33
34 15
34 16
34 32
35 0
35 1
35 4
35 7
35 13
35 18
35 24
35 25
35 26
35 31
36 18
36 26
36 36
37 1
37 25
37 26
38 1
38 3
38 5
38 7
38 10
38 25
39 1
39 5
39 7
39 10
39 13
39 18
39 23
39 24
39 25
39 26
39 30
39 31
40 1
40 17
40 19
40 24
41 0
41 24
42 15
42 16
42 32
42 33
43 1
43 4
43 5
43 7
43 10
43 12
43 13
43 14
43 17
43 19
43 20
43 24
43 25
43 31
44 5
44 24
45 27
46 15
46 32
47 27
48 1
48 26
49 0
49 1
49 13
49 24
49 25
49 26
49 27
49 31
49 36
50 15
50 16
50 32
51 27
51 32
52 15
52 32
53 15
53 16
53 27
53 32
54 15
54 32
55 5
55 24
56 9
57 6
57 15
57 16
57 32
57 33
58 1
58 24
59 3
59 5
59 18
60 1
60 24
61 1
61 3
61 5
61 13
61 17
61 18
61 19
61 25
61 26
61 30
61 31
62 0
62 2
62 15
62 21
62 22
62 28
62 32
62 33
62 34
63 32
64 32
64 33
