9 0
10 0
25 0
37 0
1 1
4 1
27 1
32 1
39 1
1 2
4 2
7 2
10 2
15 2
30 2
39 2
36 3
16 4
36 4
0 5
1 5
2 5
3 5
4 5
5 5
6 5
7 5
9 5
10 5
11 5
12 5
13 5
14 5
15 5
17 5
18 5
19 5
20 5
21 5
22 5
23 5
24 5
25 5
26 5
27 5
28 5
29 5
30 5
32 5
33 5
35 5
39 5
40 5
41 5
4 6
27 6
32 6
9 7
24 7
35 7
9 8
27 9
32 9
4 10
10 10
28 10
41 10
3 11
9 11
11 11
23 11
25 11
27 11
32 11
33 11
41 11
10 12
24 12
35 12
1 13
3 13
4 13
10 13
15 13
24 13
35 13
37 13
41 13
7 14
11 14
33 14
3 15
12 15
28 15
16 16
36 16
8 17
22 17
31 17
38 17
1 18
3 18
4 18
7 18
9 18
10 18
11 18
12 18
15 18
18 18
23 18
25 18
30 18
32 18
33 18
40 18
41 18
1 19
24 19
35 19
24 20
35 20
37 20
27 21
32 21
9 22
36 23
1 24
8 24
16 24
22 24
28 24
34 24
36 24
22 25
31 25
36 25
36 26
1 27
24 27
35 27
11 28
23 28
33 28
11 29
18 29
33 29
1 30
3 30
10 30
11 30
12 30
15 30
21 30
24 30
25 30
29 30
30 30
33 30
35 30
36 30
36 31
0 32
1 32
3 32
4 32
7 32
9 32
10 32
11 32
12 32
14 32
15 32
18 32
23 32
24 32
27 32
30 32
32 32
33 32
35 32
37 32
39 32
40 32
41 32
12 33
12 34
18 34
11 35
33 35
41 35
36 36
24 37
35 37
1 38
15 38
37 38
41 38
0 39
1 40
3 40
18 40
23 40
32 40
37 40
39 40
1 41
36 42
0 43
1 43
3 43
4 43
9 43
10 43
11 43
12 43
13 43
15 43
18 43
21 43
23 43
25 43
26 43
27 43
28 43
32 43
33 43
37 43
39 43
40 43
41 43
36 44
