2 13
2 16
2 22
2 24
2 52
2 55
2 59
2 63
2 73
2 74
2 75
2 77
2 80
2 81
2 82
2 83
2 87
2 93
2 96
2 97
2 104
2 106
2 107
2 112
2 113
2 114
4 10
4 18
4 19
4 20
4 21
4 26
4 29
4 31
4 32
4 33
4 34
4 51
4 62
4 70
4 88
4 91
4 113
7 12
7 33
7 70
7 90
7 111
7 117
10 9
13 0
13 1
13 4
13 9
13 19
13 20
13 21
13 23
13 26
13 27
13 29
13 31
13 32
13 33
13 34
13 35
13 36
13 45
13 51
13 54
13 60
13 67
13 68
13 70
13 71
13 76
13 79
13 84
13 88
13 90
13 91
13 92
13 101
13 108
13 111
13 113
13 118
14 10
14 18
14 19
14 20
14 34
14 49
14 57
14 62
14 72
14 79
14 84
14 101
14 102
14 105
14 108
14 111
14 113
14 118
16 1
16 18
16 19
16 20
16 21
16 101
16 111
16 118
24 39
24 40
24 63
24 73
24 75
24 87
24 106
24 114
40 108
40 111
40 118
41 19
41 20
41 21
41 70
41 88
41 101
41 118
43 0
43 2
43 28
43 36
43 37
43 45
43 61
43 62
45 0
45 1
45 2
45 4
45 6
45 9
45 12
45 13
45 16
45 20
45 21
45 22
45 26
45 27
45 29
45 37
45 38
45 39
45 40
45 43
45 48
45 49
45 54
45 55
45 57
45 58
45 59
45 62
45 63
45 70
45 71
45 72
45 73
45 74
45 75
45 76
45 77
45 80
45 81
45 82
45 83
45 84
45 85
45 86
45 87
45 90
45 92
45 93
45 96
45 97
45 98
45 99
45 101
45 102
45 103
45 104
45 105
45 107
45 111
45 113
45 114
45 118
46 23
46 35
46 72
46 79
46 84
46 85
46 86
46 87
46 92
46 108
46 109
49 4
49 9
49 20
49 21
49 26
49 29
49 40
49 43
49 48
49 49
49 54
49 60
49 71
49 72
49 84
49 88
49 98
49 101
49 102
49 103
49 109
49 111
49 113
52 4
52 12
52 20
52 21
52 60
52 62
52 68
52 70
52 109
52 111
52 113
52 118
55 1
55 9
55 19
55 20
55 21
55 27
55 29
55 33
55 48
55 49
55 57
55 61
55 62
55 68
55 70
55 71
55 72
55 73
55 75
55 79
55 84
55 85
55 86
55 87
55 88
55 90
55 101
55 102
55 103
55 105
55 109
55 111
55 113
63 29
63 71
63 102
64 19
64 21
64 35
64 70
64 88
64 108
65 1
65 70
65 90
65 92
68 1
68 2
68 9
68 19
68 26
68 27
68 28
68 29
68 31
68 33
68 37
68 38
68 45
68 54
68 62
68 76
68 88
68 92
68 117
68 118
77 9
77 19
77 20
77 21
77 39
77 40
77 48
77 60
77 71
77 81
77 84
77 88
77 102
77 103
77 113
77 114
88 19
88 21
88 23
88 51
88 60
88 88
88 90
93 86
93 102
94 1
94 7
94 9
94 19
94 20
94 21
94 23
94 26
94 34
94 79
94 88
94 90
94 108
94 111
94 118
99 1
109 63
109 73
109 74
109 75
109 105
114 0
114 2
114 4
114 9
114 10
114 12
114 19
114 20
114 21
114 28
114 29
114 30
114 36
114 37
114 38
114 43
114 45
114 60
114 61
114 62
114 71
114 76
114 79
114 101
114 113
114 118
115 0
115 1
115 2
115 4
115 19
115 20
115 21
115 26
115 27
115 29
115 31
115 33
115 34
115 37
115 38
115 54
115 60
115 71
115 72
115 73
115 74
115 75
115 76
115 79
115 84
115 87
115 88
115 90
115 91
115 92
115 96
115 101
115 102
115 103
115 104
115 105
115 108
115 109
115 111
115 113
115 114
115 118
118 0
118 1
118 2
118 4
118 6
118 12
118 16
118 19
118 20
118 21
118 22
118 23
118 26
118 27
118 28
118 29
118 30
118 31
118 33
118 34
118 36
118 37
118 38
118 39
118 43
118 45
118 54
118 60
118 61
118 62
118 63
118 68
118 70
118 71
118 72
118 73
118 74
118 75
118 76
118 79
118 81
118 84
118 85
118 86
118 87
118 88
118 90
118 92
118 93
118 96
118 97
118 98
118 101
118 102
118 103
118 104
118 105
118 108
118 109
118 111
118 113
118 114
118 117
118 118
