0 28
1 1
1 29
2 1
2 9
2 18
2 25
2 34
3 3
3 4
3 9
3 19
3 25
3 35
4 11
4 28
5 20
5 30
5 35
6 22
7 35
8 0
8 2
8 11
8 15
8 20
8 23
8 28
9 1
9 3
9 4
9 6
9 7
9 8
9 9
9 10
9 12
9 13
9 14
9 16
9 17
9 18
9 19
9 21
9 22
9 24
9 25
9 26
9 27
9 29
9 31
9 32
9 34
9 35
10 3
10 4
11 20
12 9
12 25
12 32
13 3
13 5
13 7
13 9
13 21
13 25
13 34
14 5
14 9
14 25
15 3
15 5
16 14
17 3
17 4
17 9
17 13
17 14
17 21
17 25
17 32
18 3
18 35
19 7
19 9
19 25
20 28
20 30
21 28
22 0
22 30
23 28
23 30
24 3
25 3
25 4
25 5
25 6
25 7
25 9
25 10
25 14
25 17
25 18
25 19
25 21
25 22
25 25
25 31
25 32
25 34
25 35
26 3
26 7
27 9
27 19
27 25
28 1
29 11
29 28
30 28
31 3
31 22
32 28
33 28
34 4
34 5
34 9
34 13
34 14
34 17
34 18
34 19
34 21
34 22
34 25
34 26
34 31
34 34
34 35
35 28
36 13
36 35
37 5
37 34
38 3
38 9
38 25
38 29
39 1
39 3
39 4
39 35
40 33
41 2
41 3
41 15
41 23
41 28
41 30
42 1
42 3
42 4
42 5
42 6
42 7
42 9
42 12
42 13
42 18
42 22
42 23
42 24
42 25
42 26
42 27
42 29
42 31
42 32
42 34
42 35
43 1
43 3
43 5
43 19
44 28
