0 9
0 41
0 52
1 43
2 39
2 43
3 43
4 18
4 20
4 21
4 30
5 42
5 49
6 9
6 50
7 33
8 0
8 1
8 25
8 32
8 35
8 36
8 39
8 40
8 43
8 46
9 9
9 11
9 30
9 31
10 4
10 51
11 2
11 5
11 35
11 36
12 4
12 18
12 20
12 21
12 51
13 2
13 4
13 49
13 51
14 12
15 13
16 43
17 43
18 43
19 43
20 23
20 43
21 1
21 14
21 15
21 16
21 17
21 23
21 29
21 34
21 37
21 39
21 40
21 48
22 12
23 43
24 18
24 20
24 21
25 43
26 43
27 43
28 43
29 43
30 43
31 43
32 43
33 43
34 9
34 30
35 2
35 26
35 42
36 4
36 5
36 9
36 51
37 43
38 4
38 5
38 8
38 11
38 12
38 27
38 31
38 41
38 42
38 51
38 52
39 32
39 43
40 1
40 4
40 9
40 11
40 12
40 13
40 19
40 26
40 27
40 29
40 31
40 35
40 36
40 38
40 42
40 51
41 9
42 9
42 18
42 20
42 21
43 4
43 5
43 9
43 13
43 22
43 27
43 33
43 42
43 49
43 51
44 0
44 1
44 3
44 14
44 15
44 16
44 34
44 37
44 42
44 43
44 46
45 1
45 2
45 4
45 5
45 8
45 9
45 11
45 12
45 18
45 19
45 20
45 21
45 22
45 27
45 28
45 30
45 31
45 32
45 33
45 35
45 36
45 38
45 42
45 49
45 50
45 51
46 2
46 3
46 5
46 6
46 7
46 8
46 9
46 10
46 13
46 17
46 18
46 19
46 20
46 21
46 22
46 23
46 24
46 26
46 29
46 32
46 33
46 35
46 36
46 38
46 40
46 41
46 42
46 44
46 45
46 48
46 49
46 50
46 52
47 14
47 15
47 16
47 34
47 37
47 43
48 43
