5 0
7 0
8 0
11 0
12 0
16 0
21 0
22 0
24 0
35 0
1 1
4 1
7 1
12 1
35 1
0 2
1 3
30 3
30 4
30 5
1 6
2 6
10 6
16 6
20 6
23 6
29 6
35 6
1 7
2 7
3 7
4 7
5 7
8 7
14 7
16 7
18 7
24 7
26 7
32 7
35 7
30 8
5 9
9 9
0 10
1 10
2 10
3 10
4 10
5 10
7 10
8 10
9 10
10 10
11 10
12 10
16 10
17 10
18 10
20 10
21 10
23 10
24 10
26 10
28 10
29 10
35 10
36 10
13 11
25 11
30 11
30 12
9 13
10 13
23 13
28 13
29 13
1 14
3 14
4 14
5 14
16 14
26 14
7 15
16 15
2 16
4 16
16 16
2 17
5 17
9 17
16 17
21 17
35 17
6 18
13 18
25 18
30 18
0 19
1 19
2 19
3 19
4 19
5 19
6 19
7 19
8 19
9 19
10 19
11 19
12 19
13 19
14 19
16 19
17 19
18 19
19 19
20 19
21 19
22 19
23 19
24 19
25 19
26 19
28 19
29 19
30 19
31 19
32 19
33 19
34 19
35 19
36 19
19 20
21 20
1 21
2 21
6 21
0 22
1 22
2 22
3 22
4 22
5 22
7 22
14 22
16 22
18 22
19 22
26 22
31 22
32 22
34 22
35 22
19 23
35 24
0 25
1 25
2 25
4 25
5 25
7 25
8 25
11 25
12 25
14 25
16 25
19 25
24 25
26 25
29 25
32 25
34 25
35 25
2 26
4 26
9 26
16 26
18 26
29 26
35 26
7 27
12 27
35 27
1 28
2 28
4 28
9 28
11 28
16 28
21 28
26 28
1 29
2 29
4 29
5 29
7 29
8 29
11 29
12 29
16 29
17 29
24 29
35 29
1 30
5 30
12 30
16 30
3 31
27 32
30 33
30 34
30 35
30 36
0 37
1 37
2 37
3 37
12 37
16 37
18 37
20 37
26 37
28 37
35 37
36 37
30 38
7 39
18 39
19 39
2 40
3 40
4 40
7 40
11 40
16 40
18 40
19 40
26 40
31 40
34 40
35 40
0 41
1 41
2 41
4 41
35 41
2 42
3 42
28 42
29 42
6 43
30 43
2 44
4 44
9 44
10 44
11 44
12 44
16 44
21 44
23 44
29 44
35 44
0 45
1 46
2 46
4 46
16 46
35 46
4 47
5 47
12 47
14 47
16 47
18 47
26 47
32 47
34 47
35 47
12 48
19 48
2 49
5 49
12 49
29 49
34 49
4 50
9 50
16 50
18 50
19 50
29 50
36 50
2 51
16 51
35 51
1 52
15 52
35 52
4 53
9 53
2 54
4 54
5 54
7 54
10 54
18 54
19 54
20 54
22 54
23 54
26 54
1 55
6 55
30 56
30 57
30 58
13 59
25 59
30 59
22 60
29 60
28 61
29 61
1 62
5 63
5 64
11 64
17 64
22 64
26 64
33 64
35 64
2 65
35 65
1 66
4 66
5 66
7 66
9 66
17 66
19 66
26 66
29 66
35 66
1 67
3 67
4 67
5 67
9 67
21 67
34 67
35 67
1 68
6 68
13 68
25 68
30 68
15 69
30 69
