0 0
0 5
0 6
0 12
0 13
0 24
0 27
1 0
1 6
2 5
2 10
2 12
2 13
2 14
2 17
2 18
2 20
2 25
2 26
2 28
3 3
3 5
3 9
3 10
3 11
3 12
3 13
3 14
3 16
3 18
3 19
3 20
3 25
3 26
3 28
3 30
3 31
4 5
4 6
5 5
5 6
6 7
7 6
8 5
8 24
9 0
9 5
10 1
10 2
10 5
10 10
10 12
10 13
10 14
10 17
10 18
10 19
10 20
10 21
10 26
10 30
11 5
11 24
12 1
12 7
13 0
13 6
13 24
14 1
14 11
14 12
14 13
14 19
14 20
14 21
14 26
14 29
15 1
15 6
17 0
17 2
17 27
18 0
18 5
18 7
18 27
19 0
19 1
19 5
19 6
19 12
19 13
20 5
20 24
20 27
21 3
21 10
21 16
21 20
21 28
22 1
22 8
22 9
22 12
22 13
22 14
22 18
22 20
22 25
22 26
22 29
22 31
23 6
24 6
24 7
24 27
25 5
25 7
25 24
26 6
26 27
27 1
27 6
28 0
28 6
28 24
29 24
30 1
30 2
30 5
30 8
30 10
30 17
30 19
30 20
30 26
30 30
